    0.0000  1000.0000   246.4200   296.5988   319.5700     4.4336   233.1600   334.2489   401.9000    27.9251     0.1459    -0.3490    -0.1776    -0.1105     0.0270     0.0023     0.0129     1166378
 1000.0000  2000.0000   241.5300   291.8634   314.5000     4.5109   212.8000   289.1262   352.8100    24.7624     0.1158    -0.3346    -0.1310    -0.1709     0.0152     0.0010     0.0218     2007992
 2000.0000  3000.0000   236.3300   286.5712   304.8200     3.9690   191.4700   248.4071   309.4400    20.1158     0.2650    -0.3876    -0.2523    -0.0880     0.0363     0.0034     0.0107     2007577
 3000.0000  4000.0000   232.7900   281.0939   295.7400     3.7099   173.0500   214.6691   261.2100    15.8290     0.3330    -0.4347    -0.3379     0.0087     0.0656     0.0025     0.0059     2007900
 4000.0000  5000.0000   229.9800   275.4431   288.8500     3.6926   155.8500   187.5918   225.9200    12.6341     0.3459    -0.4372    -0.3914     0.0835     0.0772     0.0013     0.0036     2007879
 5000.0000  6000.0000   223.3500   269.9495   284.6000     3.8880   139.7000   164.3098   194.2900    10.0138     0.3368    -0.3996    -0.4451     0.1199     0.0856     0.0013    -0.0022     2007635
 6000.0000  7000.0000   221.3900   264.4169   282.4000     4.2582   125.6100   144.2993   168.3500     7.4754     0.3407    -0.3861    -0.4662     0.1256     0.0895    -0.0028    -0.0063     2007384
 7000.0000  8000.0000   212.6500   258.4076   276.0600     4.6288   112.6900   127.3924   148.1800     5.5633     0.3447    -0.3918    -0.4637     0.1371     0.0828    -0.0072    -0.0061     2007728
 8000.0000  9000.0000   204.6500   251.7784   268.7400     4.8503    98.9200   112.9647   129.7400     4.3139     0.3582    -0.4103    -0.4404     0.1578     0.0738    -0.0070    -0.0046     2007707
 9000.0000 10000.0000   208.2000   244.6023   261.0000     4.8386    85.4800   100.4443   118.5900     3.5558     0.3946    -0.4394    -0.3941     0.1723     0.0698    -0.0054    -0.0028     2007933
10000.0000 11000.0000   205.7400   237.0290   252.0800     4.5175    73.2600    89.4308   103.9600     3.1033     0.4757    -0.4909    -0.3133     0.1766     0.0655    -0.0056    -0.0016     2008015
11000.0000 12000.0000   197.3500   229.2298   244.0400     3.9021    62.3000    79.6050    95.0500     2.8514     0.5801    -0.5778    -0.1581     0.1604     0.0506    -0.0049    -0.0006     2008242
12000.0000 13000.0000   198.9500   221.3877   237.5100     3.3066    53.2100    70.7263    80.6900     2.7227     0.5938    -0.6791     0.1191     0.0927     0.0095    -0.0024     0.0006     2008412
13000.0000 14000.0000   194.3000   213.6545   232.2200     3.2104    45.7500    62.6282    72.6600     2.6439     0.3825    -0.6807     0.4324    -0.0322    -0.0470     0.0021     0.0024     2008541
14000.0000 15000.0000   190.4500   206.3216   226.1200     3.6046    39.2300    55.1561    61.5600     2.5643     0.0767    -0.5564     0.6045    -0.1550    -0.0835     0.0131     0.0020     2008511
