    0.0000  1000.0000     0.0154    20.3663    35.0220     6.1498   233.1600   334.2489   401.9000    27.9251     0.9675    -0.4073    -0.6029     0.3120     0.1316     0.0061    -0.0111     1166378
 1000.0000  2000.0000     0.0041    14.0148    29.8096     5.2108   212.8000   289.1262   352.8100    24.7624     0.9549    -0.2878    -0.5344     0.3513     0.1561     0.0041    -0.0050     2007992
 2000.0000  3000.0000     0.0014     9.2802    23.0667     4.0464   191.4700   248.4071   309.4400    20.1158     0.9499    -0.2931    -0.4261     0.3312     0.1696     0.0047    -0.0003     2007577
 3000.0000  4000.0000     0.0009     5.9499    15.6240     3.0329   173.0500   214.6691   261.2100    15.8290     0.9363    -0.2436    -0.3706     0.3231     0.1784     0.0058     0.0013     2007900
 4000.0000  5000.0000     0.0004     3.8739    11.5354     2.2651   155.8500   187.5918   225.9200    12.6341     0.9160    -0.2127    -0.3592     0.3274     0.1900     0.0023    -0.0003     2007879
 5000.0000  6000.0000     0.0003     2.4366     7.8688     1.6411   139.7000   164.3098   194.2900    10.0138     0.8826    -0.2110    -0.3375     0.3462     0.1877    -0.0040    -0.0026     2007635
 6000.0000  7000.0000     0.0002     1.4604     5.5366     1.0848   125.6100   144.2993   168.3500     7.4754     0.8179    -0.2033    -0.3260     0.3671     0.1779    -0.0047    -0.0031     2007384
 7000.0000  8000.0000     0.0001     0.8466     4.1433     0.6627   112.6900   127.3924   148.1800     5.5633     0.7162    -0.2055    -0.3125     0.3579     0.1738    -0.0025    -0.0054     2007728
 8000.0000  9000.0000     0.0001     0.4698     2.4017     0.3737    98.9200   112.9647   129.7400     4.3139     0.5893    -0.2230    -0.3033     0.3250     0.1749    -0.0012    -0.0079     2007707
 9000.0000 10000.0000     0.0001     0.2436     1.4376     0.1919    85.4800   100.4443   118.5900     3.5558     0.4753    -0.2524    -0.3052     0.2887     0.1668    -0.0036    -0.0114     2007933
10000.0000 11000.0000     0.0001     0.1165     0.7785     0.0886    73.2600    89.4308   103.9600     3.1033     0.4222    -0.2938    -0.3105     0.2594     0.1537    -0.0073    -0.0156     2008015
11000.0000 12000.0000     0.0001     0.0505     0.3678     0.0369    62.3000    79.6050    95.0500     2.8514     0.4513    -0.3493    -0.2992     0.2368     0.1459    -0.0081    -0.0170     2008242
12000.0000 13000.0000     0.0001     0.0195     0.1574     0.0138    53.2100    70.7263    80.6900     2.7227     0.5195    -0.4042    -0.2654     0.2202     0.1475    -0.0075    -0.0141     2008412
13000.0000 14000.0000     0.0001     0.0067     0.0591     0.0046    45.7500    62.6282    72.6600     2.6439     0.5764    -0.4445    -0.2145     0.1975     0.1435    -0.0050    -0.0110     2008541
14000.0000 15000.0000     0.0001     0.0023     0.0207     0.0014    39.2300    55.1561    61.5600     2.5643     0.6228    -0.4944    -0.1321     0.1530     0.1180    -0.0013    -0.0044     2008511
15000.0000 16000.0000     0.0001     0.0023     0.0207     0.0014    33.2300    49.1561    55.5600     2.3643     0.6228    -0.4944    -0.1321     0.1530     0.1180    -0.0013    -0.0044     2008511
