         0.0000          0.6342         23.4076         34.6566          5.3994          0.6689         23.3240         33.2669          5.4105          0.0836          0.4777          0.4703          0.9961     119822
       500.0000          0.0797         18.9296         31.7350          5.9985          0.3500         18.8381         31.5202          6.0174          0.0914          0.5172          0.5090          0.9964     247853
      1000.0000          0.0069         15.3871         28.4115          5.3618          0.1421         15.2768         27.8327          5.3488          0.1104          0.4673          0.4541          0.9963     311579
      1500.0000          0.0069         12.7744         24.4884          4.6813          0.0658         12.6617         24.4918          4.6520          0.1127          0.3882          0.3715          0.9968     311671
      2000.0000          0.0035         10.3603         21.3831          4.1600          0.0762         10.2580         20.1459          4.1231          0.1023          0.3295          0.3132          0.9971     311688
      2500.0000          0.0035          8.2700         17.7303          3.6769          0.0381          8.1834         17.1342          3.6415          0.0866          0.2815          0.2678          0.9973     311734
      3000.0000          0.0000          6.6033         15.6232          3.2075          0.0139          6.5266         14.9231          3.1754          0.0767          0.2422          0.2297          0.9975     312024
      3500.0000          0.0000          5.3195         13.1452          2.7714          0.0173          5.2517         12.6670          2.7419          0.0677          0.2119          0.2007          0.9974     310801
      4000.0000          0.0000          4.2904         11.4263          2.4100          0.0104          4.2327         11.3015          2.3838          0.0578          0.1875          0.1783          0.9973     311658
      4500.0000          0.0000          3.4435          9.3157          2.0904          0.0069          3.3977          8.9761          2.0670          0.0458          0.1682          0.1618          0.9970     311580
      5000.0000          0.0000          2.7365          7.6972          1.7749          0.0069          2.6974          7.4130          1.7496          0.0391          0.1508          0.1457          0.9967     311444
      5500.0000          0.0000          2.1439          6.3976          1.4692          0.0035          2.1122          6.2624          1.4415          0.0317          0.1404          0.1368          0.9958     311272
      6000.0000          0.0000          1.6700          5.3856          1.1902          0.0035          1.6439          5.3233          1.1650          0.0261          0.1281          0.1254          0.9947     311796
      6500.0000          0.0000          1.2844          4.9628          0.9507          0.0000          1.2621          4.5365          0.9315          0.0223          0.1132          0.1109          0.9935     311730
      7000.0000          0.0000          0.9758          4.1449          0.7425          0.0000          0.9559          3.7498          0.7267          0.0199          0.1024          0.1004          0.9910     311202
      7500.0000          0.0000          0.7327          2.9978          0.5677          0.0000          0.7163          2.9631          0.5514          0.0164          0.0916          0.0901          0.9875     311205
      8000.0000          0.0000          0.5447          2.3255          0.4253          0.0000          0.5302          2.4260          0.4087          0.0145          0.0819          0.0806          0.9822     311088
      8500.0000          0.0000          0.3981          1.8541          0.3106          0.0000          0.3850          1.9928          0.2955          0.0130          0.0719          0.0707          0.9739     311303
      9000.0000          0.0000          0.2865          1.3967          0.2215          0.0000          0.2763          1.3828          0.2080          0.0102          0.0621          0.0612          0.9611     311325
      9500.0000          0.0000          0.2023          1.0813          0.1538          0.0000          0.1947          0.9392          0.1385          0.0076          0.0529          0.0523          0.9410     311310
     10000.0000          0.0000          0.1400          0.7174          0.1037          0.0000          0.1353          0.6758          0.0882          0.0047          0.0439          0.0436          0.9082     311352
     10500.0000          0.0000          0.0951          0.5372          0.0680          0.0000          0.0917          0.5095          0.0549          0.0034          0.0347          0.0345          0.8634     312114
     11000.0000          0.0000          0.0628          0.3362          0.0435          0.0000          0.0600          0.3258          0.0340          0.0028          0.0253          0.0252          0.8150     310822
     11500.0000          0.0000          0.0400          0.2391          0.0270          0.0000          0.0378          0.2461          0.0210          0.0022          0.0172          0.0171          0.7735     311498
     12000.0000          0.0000          0.0248          0.1490          0.0163          0.0000          0.0232          0.1074          0.0129          0.0016          0.0112          0.0111          0.7366     312041
     12500.0000          0.0000          0.0148          0.0936          0.0096          0.0000          0.0136          0.0658          0.0077          0.0012          0.0072          0.0071          0.6826     311321
     13000.0000          0.0000          0.0086          0.0555          0.0056          0.0000          0.0076          0.0416          0.0045          0.0010          0.0048          0.0047          0.5915     311512
     13500.0000          0.0000          0.0050          0.0312          0.0033          0.0000          0.0040          0.0208          0.0027          0.0010          0.0033          0.0032          0.4422     311972
     14000.0000          0.0000          0.0030          0.0173          0.0020          0.0000          0.0019          0.0069          0.0019          0.0011          0.0026          0.0023          0.2844     311689
     14500.0000          0.0000          0.0015          0.0104          0.0018          0.0000          0.0005          0.0069          0.0012          0.0010          0.0023          0.0021          0.0882     311820
     15000.0000          0.0000          0.0004          0.0069          0.0011          0.0000          0.0002          0.0069          0.0009          0.0002          0.0015          0.0014         -0.0664     311820
