    0.0000  1000.0000   873.4800   946.5157  1043.4800    27.2704   233.1600   334.2489   401.9000    27.9251     0.5231    -0.9919    -0.1135     0.0480     0.0084    -0.0007    -0.0092     1166378
 1000.0000  2000.0000   778.7300   855.7186   923.4100    28.6384   212.8000   289.1262   352.8100    24.7624     0.4797    -0.9956    -0.0076    -0.0055    -0.0029    -0.0011    -0.0023     2007992
 2000.0000  3000.0000   692.8800   761.1247   822.5600    25.9542   191.4700   248.4071   309.4400    20.1158     0.5252    -0.9964    -0.0238    -0.0091    -0.0002    -0.0009    -0.0016     2007577
 3000.0000  4000.0000   597.6800   675.3903   731.1400    23.5349   173.0500   214.6691   261.2100    15.8290     0.5355    -0.9949    -0.0420    -0.0087     0.0035    -0.0006    -0.0011     2007900
 4000.0000  5000.0000   516.7100   597.8305   648.2100    21.3402   155.8500   187.5918   225.9200    12.6341     0.5658    -0.9917    -0.0621    -0.0044     0.0078    -0.0005    -0.0008     2007879
 5000.0000  6000.0000   445.8900   527.8232   573.1800    19.3288   139.7000   164.3098   194.2900    10.0138     0.6264    -0.9868    -0.0844     0.0024     0.0125    -0.0005    -0.0008     2007635
 6000.0000  7000.0000   383.8600   464.8077   505.6400    17.5086   125.6100   144.2993   168.3500     7.4754     0.7013    -0.9795    -0.1090     0.0102     0.0176    -0.0005    -0.0011     2007384
 7000.0000  8000.0000   329.7800   408.1652   447.6100    15.8938   112.6900   127.3924   148.1800     5.5633     0.7857    -0.9697    -0.1353     0.0184     0.0226    -0.0008    -0.0015     2007728
 8000.0000  9000.0000   283.0800   357.2748   394.9800    14.4605    98.9200   112.9647   129.7400     4.3139     0.8588    -0.9574    -0.1609     0.0275     0.0270    -0.0012    -0.0018     2007707
 9000.0000 10000.0000   242.7000   311.5743   347.0400    13.1694    85.4800   100.4443   118.5900     3.5558     0.9055    -0.9436    -0.1832     0.0373     0.0307    -0.0015    -0.0018     2007933
10000.0000 11000.0000   207.9000   270.5905   303.4200    11.9704    73.2600    89.4308   103.9600     3.1033     0.9354    -0.9301    -0.1995     0.0471     0.0338    -0.0017    -0.0019     2008015
11000.0000 12000.0000   178.2600   233.9130   263.9900    10.8195    62.3000    79.6050    95.0500     2.8514     0.9593    -0.9196    -0.2066     0.0551     0.0358    -0.0020    -0.0019     2008242
12000.0000 13000.0000   152.6700   201.1944   228.4200     9.6861    53.2100    70.7263    80.6900     2.7227     0.9700    -0.9145    -0.2020     0.0597     0.0362    -0.0022    -0.0019     2008412
13000.0000 14000.0000   130.6400   172.1259   196.4000     8.5705    45.7500    62.6282    72.6600     2.6439     0.9621    -0.9160    -0.1844     0.0595     0.0343    -0.0020    -0.0019     2008541
14000.0000 15000.0000   111.7300   146.4365   167.9100     7.4916    39.2300    55.1561    61.5600     2.5643     0.9447    -0.9231    -0.1550     0.0533     0.0302    -0.0016    -0.0018     2008511
14000.0000 15000.0000   111.7300   146.4365   167.9100     7.4916    39.2300    55.1561    61.5600     2.5643     0.9447    -0.9231    -0.1550     0.0533     0.0302    -0.0016    -0.0018     2008511
