         0.0000        260.2300        298.5469        319.0400          3.8626        268.1076        298.4927        317.4932          3.5961          0.0542          1.3873          1.3863          0.9582     119822
       500.0000        255.1100        295.5583        317.7700          4.6339        266.6873        295.5708        314.1253          4.2821         -0.0125          1.6947          1.6946             NaN     247853
      1000.0000        252.1100        293.0361        314.5000          4.6655        262.9912        292.9951        310.3024          4.2967          0.0410          1.6916          1.6911         -1.0021     311579
      1500.0000        250.3700        290.4473        309.2100          4.3544        260.3699        290.4006        306.1588          4.0144          0.0467          1.5462          1.5455          0.9862     311671
      2000.0000        250.3800        287.8532        304.6200          4.0829        257.9654        287.8206        301.7098          3.7833          0.0326          1.4340          1.4337          1.0047     311688
      2500.0000        246.6200        285.2151        299.6900          3.8875        253.9150        285.1904        297.0125          3.6078          0.0247          1.3527          1.3524         -0.9968     311734
      3000.0000        244.5900        282.5115        295.1200          3.7621        252.1620        282.4958        292.2629          3.5003          0.0157          1.2846          1.2846          0.9859     312024
      3500.0000        240.6000        279.7273        290.9200          3.6843        249.3349        279.7217        288.8274          3.4244          0.0056          1.2414          1.2414          0.9794     310801
      4000.0000        237.7500        276.8979        288.3000          3.6668        247.0704        276.8941        285.6664          3.4158          0.0038          1.2250          1.2250         -0.9914     311658
      4500.0000        234.6000        274.0732        285.4500          3.7220        244.0594        274.0883        282.9531          3.4773         -0.0151          1.2484          1.2484          1.0012     311580
      5000.0000        231.6200        271.3292        284.6000          3.8377        240.3206        271.3525        281.8859          3.6094         -0.0232          1.2518          1.2516          0.9429     311444
      5500.0000        229.7600        268.6124        283.7400          4.0101        236.3476        268.6469        278.2873          3.7713         -0.0346          1.3049          1.3045         -1.0085     311272
      6000.0000        221.4700        265.8498        282.4000          4.2067        232.9795        265.8794        275.6729          3.9493         -0.0296          1.3405          1.3402          1.0119     311796
      6500.0000        223.7900        262.9866        279.7800          4.3757        230.5650        263.0186        274.2388          4.1292         -0.0320          1.3354          1.3350          0.9795     311730
      7000.0000        216.5200        259.9835        274.2600          4.5951        227.6322        260.0183        271.0413          4.3616         -0.0348          1.3550          1.3546         -1.0034     311202
      7500.0000        212.6500        256.8515        271.5900          4.7195        224.4165        256.8877        267.7661          4.4886         -0.0362          1.3511          1.3507          0.9997     311205
      8000.0000        205.6300        253.5470        268.7400          4.8183        221.3214        253.5867        265.0627          4.5943         -0.0396          1.3555          1.3549         -1.0461     311088
      8500.0000        204.6500        250.1065        263.4500          4.8263        217.8845        250.1439        261.6269          4.6010         -0.0374          1.3432          1.3427          0.9961     311303
      9000.0000        208.2000        246.5299        261.0000          4.7883        213.4619        246.5658        258.7937          4.5673         -0.0358          1.3359          1.3354          0.9562     311325
      9500.0000        210.0900        242.8471        256.4500          4.6720        213.0779        242.8942        256.3844          4.4507         -0.0471          1.3077          1.3068          0.9896     311310
     10000.0000        208.5900        239.0681        252.0800          4.4401        208.9582        239.1169        254.9477          4.2240         -0.0489          1.2741          1.2731          0.9291     311352
     10500.0000        205.7400        235.2269        247.3200          4.1029        209.0830        235.2547        253.9324          3.8885         -0.0278          1.2381          1.2378          0.9159     312114
     11000.0000        200.4000        231.3498        243.8700          3.6691        207.8278        231.3687        247.8426          3.4409         -0.0189          1.1979          1.1977          0.9258     310822
     11500.0000        202.9000        227.4450        240.3700          3.2054        206.3392        227.4699        246.2361          2.9527         -0.0249          1.1506          1.1504          0.9384     311498
     12000.0000        204.1200        223.5297        237.5100          2.7977        206.3170        223.5528        241.9779          2.5328         -0.0231          1.1075          1.1072          0.6214     312041
     12500.0000        204.0300        219.6354        233.1800          2.5409        207.1560        219.6347        236.5971          2.2898          0.0007          1.0648          1.0648          0.9960     311321
     13000.0000        203.7400        215.7671        232.2200          2.5193        207.3438        215.7541        231.5681          2.2935          0.0130          1.0170          1.0169          0.9361     311512
     13500.0000        203.1400        211.9690        229.0300          2.7241        203.2785        211.9649        228.6098          2.5234          0.0042          0.9795          0.9795          0.9741     311972
     14000.0000        200.1800        208.2902        226.0300          3.0723        200.3445        208.3037        225.2289          2.9119         -0.0135          0.9562          0.9561          0.9351     311689
     14500.0000        195.9100        204.8030        224.8600          3.4930        197.0877        204.8160        224.7326          3.3503         -0.0131          0.9512          0.9511          1.0202     311820
     15000.0000        195.2100        202.7578        224.4700          3.6569        195.7016        202.7860        223.8633          3.4744         -0.0282          0.9554          0.9550          0.9519      62674
