6.013694079302418132e-04
1.021257520733602692e-04
7.459271353169974234e-05
6.570261980120324240e-05
5.988327952061067347e-05
5.648133959746706024e-05
5.380202053002429945e-05
5.175471524713353317e-05
5.028374182896043531e-05
4.927085229039730236e-05
4.812649716273839293e-05
4.734018045575666498e-05
4.650437503235218601e-05
4.572977095476331554e-05
4.516472880340424663e-05
4.480454926334503197e-05
4.424275854264840617e-05
4.378082468178049705e-05
4.342301985598298142e-05
4.297248135669345183e-05
4.262204049012544607e-05
4.234712480241488924e-05
4.195338280101364853e-05
4.167484174017975620e-05
4.148976650659857854e-05
4.117888735446232690e-05
4.094129014743401929e-05
4.077575945999947489e-05
4.066618593569671665e-05
4.037942557910009192e-05
4.005971773471701390e-05
3.999756499917606290e-05
3.972848261303368010e-05
3.950945283576048417e-05
3.928667768873364471e-05
3.898440549280008852e-05
3.879336303521989328e-05
3.862061894537383505e-05
3.848651134125196462e-05
3.834961278491854644e-05
3.815560810269010673e-05
3.811267881963246648e-05
3.806415915876415078e-05
3.789600501530274596e-05
3.769451627655020620e-05
3.760080229611899110e-05
3.759635494441704914e-05
3.740378068104993067e-05
3.733267281099911461e-05
3.733072315521006090e-05
3.714248453559625449e-05
3.703181290631456018e-05
3.700100795479745880e-05
3.687551655519232603e-05
3.668471477376138157e-05
3.674922779092449309e-05
3.664518217462701293e-05
3.647558398628780014e-05
3.632646947327758619e-05
3.628457437788414948e-05
3.619702374383627593e-05
3.612634704864449425e-05
3.596817665029845249e-05
3.589522337545857984e-05
3.583093862014681726e-05
3.583040072304772883e-05
3.573721641345084001e-05
3.564129398956358239e-05
3.560527822934229784e-05
3.549417717901768275e-05
3.550956281930041673e-05
3.537322076666382198e-05
3.535282678518865521e-05
3.532786195599360980e-05
3.525496635860741806e-05
3.515513373436814814e-05
3.516905407410628501e-05
3.505049321991752235e-05
3.500225869598585154e-05
3.491267364194907406e-05
3.486286838724185434e-05
3.480754296569693357e-05
3.478182005260792986e-05
3.477246256541560943e-05
3.466297803155097759e-05
3.466213680945985306e-05
3.462508444986746309e-05
3.451012809086123449e-05
3.443866309665758412e-05
3.447478125726384052e-05
3.435681806472139991e-05
3.433057086598935236e-05
3.430965780324175406e-05
3.423886723407469353e-05
3.421523727254867185e-05
3.411432250742657264e-05
3.414106849346770355e-05
3.405454624837056830e-05
3.404011448662731749e-05
3.398953297752566874e-05
3.395548388199845095e-05
3.393112239936332028e-05
3.386872123573700155e-05
3.380859777541597814e-05
3.375637102007685085e-05
3.372125051198526525e-05
3.371379968227000885e-05
3.367364358653176571e-05
3.359992402391590304e-05
3.360811872088778992e-05
3.351476268983251161e-05
3.353162737681864242e-05
3.349777556887537891e-05
3.339489239921194656e-05
3.341828842938800983e-05
3.341726552710338566e-05
3.335697164130597801e-05
3.333938683576511498e-05
3.324966391164335325e-05
3.324817307313304563e-05
3.317163643611475835e-05
3.317226314856441507e-05
3.317070960875379243e-05
3.316313009499582558e-05
3.309007010194132470e-05
3.309766854983104019e-05
3.303563832148025890e-05
3.295851201617555691e-05
3.298785837338663265e-05
3.294901378077905472e-05
3.290664452899480453e-05
3.286916821341759413e-05
3.286320714815510864e-05
3.279936374333221652e-05
3.281163886955793180e-05
3.275642018012871030e-05
3.274929847962746940e-05
3.272818445807749044e-05
3.270112635753143692e-05
3.264703885589219183e-05
3.262175704928792799e-05
3.257392626003974609e-05
3.256353182207829172e-05
3.252190556055602135e-05
3.254769906210125462e-05
3.250264832004139815e-05
3.246666511826491828e-05
3.244541546490766062e-05
3.241030868967886982e-05
3.240037384833805069e-05
3.235384775691464243e-05
3.233801568147573165e-05
3.231700416846159209e-05
3.226069937906077430e-05
3.228630677229915504e-05
3.226181379733854634e-05
3.223420487989369352e-05
3.215109356073261139e-05
3.218600764196142465e-05
3.212671125091396313e-05
3.211044474641321610e-05
3.208677815638109871e-05
3.206513635154505733e-05
3.204686519094567237e-05
3.202443012568615034e-05
3.197779585933386160e-05
3.195351911819467616e-05
3.195221790289000841e-05
3.191939489353583698e-05
3.189467949446686773e-05
3.187810594552688970e-05
3.185084225202157351e-05
3.183509878737205697e-05
3.180176551616527818e-05
3.180834457768838140e-05
3.178443596141835258e-05
3.171480141247299297e-05
3.171732280588546453e-05
3.170953378829971200e-05
3.168475742792746308e-05
3.166968185539087281e-05
3.165688620877138871e-05
3.165217261005199884e-05
3.162465454637854482e-05
3.160175368693282839e-05
3.158594387857384828e-05
3.154871461765205781e-05
3.154234296718473287e-05
3.154457245760528027e-05
3.153664493622540066e-05
3.151102857090567517e-05
3.147436317941056712e-05
3.147404173558136445e-05
3.149680348579934962e-05
3.143454843741843571e-05
3.140996684360837217e-05
3.142146825362065462e-05
3.145414480002782417e-05
3.141939986652436461e-05
3.136494469445174119e-05
3.136981870455869361e-05
3.135549357488044383e-05
3.138229494494541210e-05
3.132205341698541010e-05
3.132774572829604966e-05
3.131229592348242229e-05
3.129645916301933300e-05
3.128960182236594054e-05
3.128622700858829669e-05
3.125174691651937315e-05
3.122083061101250170e-05
3.122198554545848009e-05
3.123862377162956502e-05
3.123178700335899977e-05
3.119406971138854415e-05
3.116595711722775576e-05
3.114361626877323901e-05
3.116520578025244081e-05
3.115790215040850180e-05
3.111853193470016113e-05
3.114315152774206467e-05
3.113852264489333228e-05
3.108582296449591877e-05
3.104995981245280384e-05
3.101891817073655790e-05
3.107309505276842332e-05
3.102919207004291194e-05
3.099480070659753762e-05
3.102230569898405956e-05
3.100147670774301294e-05
3.096268184222524471e-05
3.093983594153034219e-05
3.095998196646404705e-05
3.091930228425052098e-05
3.091321122670855553e-05
3.088896594323405640e-05
3.083625433355854803e-05
3.087028066593537206e-05
3.077434081751718688e-05
3.078345054387243967e-05
3.077621724138417472e-05
3.075032390493671474e-05
3.072885309128805560e-05
3.071308810632876035e-05
3.069181260666553157e-05
3.069275631887059277e-05
3.068850057238066691e-05
3.064260973497222470e-05
3.063826811430805865e-05
3.063280281771798533e-05
3.062702749436489502e-05
3.062924234737356794e-05
3.061165565236666360e-05
3.058151750768928011e-05
3.060703500054981512e-05
3.057824093905167336e-05
3.057338116577622901e-05
3.057625885123940003e-05
3.052462079966405657e-05
3.055232258925636151e-05
3.051720879259242706e-05
3.053976296419233337e-05
3.048702198337822339e-05
3.052680735230688098e-05
3.048626328246448346e-05
3.050296829720041021e-05
3.045215124467237747e-05
3.046939829856741254e-05
3.048243084510542566e-05
3.046076199757252642e-05
3.044726516854578708e-05
3.041358871607781841e-05
3.043494583263267771e-05
3.039412695572316002e-05
3.038859652173912717e-05
3.038816552492700106e-05
3.038089606016040818e-05
3.039700938541255941e-05
3.036384601546320111e-05
3.037491239441103479e-05
3.036881735935520799e-05
3.035584579466527901e-05
3.034064873527125294e-05
3.035162162354715305e-05
3.032683445037546698e-05
3.032703677511126923e-05
3.032374391745440252e-05
3.032837097028826941e-05
3.029609110444768513e-05
3.030225322270095481e-05
3.031675050755537338e-05
3.028415906472695272e-05
3.028059395230399452e-05
3.026714221234411104e-05
3.026449780850807257e-05
3.027012420484591508e-05
3.028643383209716331e-05
3.026415040569233281e-05
3.028659231055989059e-05
3.023106064457409530e-05
3.023496853627965258e-05
3.022983742964548311e-05
3.023143269423306297e-05
3.025128562460892764e-05
3.018448514150799509e-05
3.022907501981353373e-05
3.020737637057276312e-05
3.021054860976592985e-05
3.022840158259968254e-05
3.019153991709641306e-05
3.017774674850046739e-05
3.017445047001255536e-05
3.018690572904385736e-05
3.018821393331343322e-05
3.013414552559491095e-05
3.015297737224685806e-05
3.014367603280122392e-05
3.015756886325062956e-05
3.016678501699649828e-05
3.012695233969667839e-05
3.013914432142749682e-05
3.012288864726443441e-05
3.010991079600962579e-05
3.013323644898903108e-05
3.011361692341684657e-05
3.007991305113075627e-05
3.009379515802207642e-05
3.008510269629752180e-05
3.008165282901279804e-05
3.007806462885483504e-05
3.012871324022810238e-05
3.006866066313218026e-05
3.006903170909810860e-05
3.004901351803298930e-05
3.005856258104745097e-05
3.005458523477481302e-05
3.006043918904685868e-05
3.005590356480449611e-05
3.006870531329146562e-05
3.002196126098929420e-05
3.002106904372430301e-05
3.001265348020783609e-05
3.003015403460537188e-05
3.001678986995863960e-05
3.000235871626944186e-05
3.002473612722758689e-05
3.000410924488497799e-05
3.000746797733353324e-05
2.999247630152291144e-05
2.998796609926457563e-05
2.997929888116200258e-05
2.999818191422284127e-05
2.999971883934507565e-05
2.992123415792142960e-05
2.997515354263279459e-05
2.998349315786300354e-05
2.995903077287600659e-05
2.995603048042429873e-05
2.995724408129793305e-05
2.998464227962453833e-05
2.992694021199180697e-05
2.992465520100674449e-05
2.993233460242220660e-05
2.993274468100523924e-05
2.990568252042968535e-05
2.992772451130403937e-05
2.992347654807703589e-05
2.989561979558157836e-05
2.987920190319837000e-05
2.989586298097904674e-05
2.990106915822629251e-05
2.991319828203621624e-05
2.987414381524646054e-05
2.989972824003404411e-05
2.987590807392833251e-05
2.984202954617506322e-05
2.984457266975722411e-05
2.988162109256053441e-05
2.987798664215334229e-05
2.985218306747977631e-05
2.984055235340554970e-05
2.982544483052363589e-05
2.984579767231222545e-05
2.980043343300328712e-05
2.983709965847429566e-05
2.983896892125030873e-05
2.982734946955792414e-05
2.979211220986300915e-05
2.982125550259762323e-05
2.981757940625822119e-05
2.982730128501117847e-05
2.981691574886948936e-05
2.979623977539315482e-05
2.976919377334265670e-05
2.975368133274269107e-05
2.980274022117558762e-05
2.979257262659361892e-05
2.977339709511845966e-05
2.976742725350174450e-05
2.973750411395784633e-05
2.974875449667549162e-05
2.973338326787212563e-05
2.974376142651890867e-05
2.971699909916387933e-05
2.972933986268602477e-05
2.971839833331837229e-05
2.975201964574569893e-05
2.972855075233259546e-05
2.973142325271437459e-05
2.974172586921980158e-05
2.971595326560017700e-05
2.973715662042018535e-05
2.969622882108980392e-05
2.970213697077025771e-05
2.970177044489376111e-05
2.968537620073128383e-05
2.966800215511720463e-05
2.968032065521044311e-05
2.967119745167887229e-05
2.968836646593942308e-05
2.966860983638352096e-05
2.969124580912529994e-05
2.966476733261332873e-05
2.965739151317773380e-05
2.963726500369377100e-05
2.968742169104510170e-05
2.965577826685189707e-05
2.966177462691030079e-05
2.966189516464696669e-05
2.967231137253336460e-05
2.964666036655313778e-05
2.965800161493568318e-05
2.966209505428776271e-05
2.966127608330618615e-05
2.963417069148290158e-05
2.962301697865919189e-05
2.960094960511742423e-05
2.963823623817267677e-05
2.962360454532285368e-05
2.962212146236134323e-05
2.961431152905728923e-05
2.962881190019484590e-05
2.959516520141075536e-05
2.961718904141101205e-05
2.960015584884492202e-05
2.961058325344587900e-05
2.959769512229334896e-05
2.959457826680604342e-05
2.960150181509381881e-05
2.958040910426057077e-05
2.955269813917165388e-05
2.959225831372692904e-05
2.955852547607948607e-05
2.958653983913863957e-05
2.956815719018707740e-05
2.957567904065255821e-05
2.958596509404311562e-05
2.955785877010845970e-05
2.958107607259411316e-05
2.953143532076846564e-05
2.954507873217332727e-05
2.958045204486598452e-05
2.954879064566591078e-05
2.955211645677346551e-05
2.956570653061019351e-05
2.957972031176766975e-05
2.953006496657875786e-05
2.954048130540083353e-05
2.954606520189899269e-05
2.951687836003362604e-05
2.952451547275682583e-05
2.950011768119069499e-05
2.953186744394837606e-05
2.951278849270349042e-05
2.953134061969847493e-05
2.951313217878652855e-05
2.953446271209264607e-05
2.952601731985614588e-05
2.951506413799245785e-05
2.951879187509985972e-05
2.953246170100373418e-05
2.949184174022961418e-05
2.949292808173395304e-05
2.951467810384405432e-05
2.949640290116934351e-05
2.948204840222769092e-05
2.950240983331102901e-05
2.948154513047418910e-05
2.949022195091639007e-05
2.949448598104584070e-05
2.946206047397372242e-05
2.944352063883079695e-05
2.950157096978470465e-05
2.948199873155198312e-05
2.948415296719295991e-05
2.946075235870986044e-05
2.945599547836943302e-05
2.945561054241051114e-05
2.942598234423089303e-05
2.946485244134665788e-05
2.946689220266065115e-05
2.945860052614505853e-05
2.944420782418296725e-05
2.946107840197007103e-05
2.944497012170058738e-05
2.947295884805675495e-05
2.944325371788476101e-05
2.945330568999500231e-05
2.944186407778412142e-05
2.942026820419001707e-05
2.941255758565000379e-05
2.942295312500055256e-05
2.942000698851855177e-05
2.941914469643892022e-05
2.943028712262960443e-05
2.944193090743856879e-05
2.944075873765469460e-05
2.941846270357025432e-05
2.942483320067395029e-05
2.943739709632154307e-05
2.942701552504361028e-05
2.940639240453755355e-05
2.941685875698719005e-05
2.940795389530895490e-05
2.939479489150918917e-05
2.938872639651727791e-05
2.940911835955819343e-05
2.940155252055046595e-05
2.940488397869227283e-05
2.940029247765813030e-05
2.937442601923396910e-05
2.938910329952074460e-05
2.939239932262453675e-05
2.936085086371560533e-05
2.939167954525860591e-05
2.940674558799761116e-05
2.937825544450177909e-05
2.936774472011147765e-05
2.937175101577934783e-05
2.936460940319251910e-05
2.937140161039610334e-05
2.936220661060584954e-05
2.936895988808384749e-05
2.935902683965786432e-05
2.937707057395002813e-05
2.936605149120659922e-05
2.934581092399465239e-05
2.936537072153089407e-05
2.935018575506078298e-05
2.936792745482557032e-05
2.933180057214350439e-05
2.934620776543473249e-05
2.932549312937699469e-05
2.935353706271014249e-05
2.935580460923725848e-05
2.934117709342138469e-05
2.933131203805733366e-05
2.936270100923601541e-05
2.934114514906503810e-05
2.933784093251415870e-05
2.930979304495731993e-05
2.932946855604279466e-05
2.932540883180948229e-05
2.931661260592705439e-05
2.931145489695435492e-05
2.929404082686897607e-05
2.930560106744162943e-05
2.930328215984002169e-05
2.930890109957276426e-05
2.926524360707974824e-05
2.929348386802946776e-05
2.928886786802982316e-05
2.926864782010332177e-05
2.927883009528127968e-05
2.929792249691744486e-05
2.928004453941451921e-05
2.929967280936753010e-05
2.928732603182953751e-05
2.927458847942243002e-05
2.926842770416019651e-05
2.926189720270672105e-05
2.927788223332840220e-05
2.928570387863183800e-05
2.927551480304464533e-05
2.924479417673891171e-05
2.925924226568242189e-05
2.924585984092337160e-05
2.923087492994581811e-05
2.923460771000809406e-05
2.926039667395687993e-05
2.926405092780516186e-05
2.924445705735857073e-05
2.923725464645491134e-05
2.923918014079495301e-05
2.922885432235292804e-05
2.922046266654090751e-05
2.922436747184231279e-05
2.920980790324476608e-05
2.923242395796556359e-05
2.922873194583866462e-05
2.921944221689806156e-05
2.921159842982478996e-05
2.919627098392755759e-05
2.921377726142323963e-05
2.921525957140162197e-05
2.922016317853922142e-05
2.918567216630712396e-05
2.922350205960360899e-05
2.916642187617041976e-05
2.919127978645537559e-05
2.917271270971868338e-05
2.921634261869523482e-05
2.921589017442057919e-05
2.916044525372683144e-05
2.917839074493939629e-05
2.919847522042320090e-05
2.919266656411974111e-05
2.917985827566542598e-05
2.921414434462346821e-05
2.918730869538744551e-05
2.919343637862910356e-05
2.919196729157428095e-05
2.916541903193736604e-05
2.917921745832638010e-05
2.918244935369055472e-05
2.916710769967421186e-05
2.919121351267177846e-05
2.915312346671177599e-05
2.917857286336121377e-05
2.912584084649172807e-05
2.916274751968183146e-05
2.914331147855573541e-05
2.914601802847421636e-05
2.913562314582062392e-05
2.913284811436633902e-05
2.914227223435888567e-05
2.916615320549650184e-05
2.911798060427772271e-05
2.915262446780314575e-05
2.913664126503864919e-05
2.911304716473358238e-05
2.914827145396909101e-05
2.912302363286217266e-05
2.910289498314363622e-05
2.912215362637444251e-05
2.914026517901821832e-05
2.910320730979036266e-05
2.913946760605068886e-05
2.911488324398068289e-05
2.912092063695174320e-05
2.912636863501442939e-05
2.910258847384165752e-05
2.909624108035604366e-05
2.911634639728108860e-05
2.908002341199864395e-05
2.909850733750053378e-05
2.912083650420825681e-05
2.912715485526501863e-05
2.913022193864082273e-05
2.909626234651526707e-05
2.909845212265228304e-05
2.910339762524641127e-05
2.908932994455947594e-05
2.912231437206043059e-05
2.906633662804144718e-05
2.910261134203841432e-05
2.910387579661380159e-05
2.909872418809900273e-05
2.910923583720984330e-05
2.909333328307389294e-05
2.908888684807784742e-05
2.907974433017171401e-05
2.909167688205892074e-05
2.909426780634368336e-05
2.909683064656432577e-05
2.907318772972666916e-05
2.908531221048922256e-05
2.907997512662720843e-05
2.907965254593779055e-05
2.907104948919631032e-05
2.907410037965051772e-05
2.908400674477387262e-05
2.907294864086749152e-05
2.904590177186868542e-05
2.906929887468950220e-05
2.907258170620009760e-05
2.907328998646836502e-05
2.904274155052034075e-05
2.906261288501519688e-05
2.905147546548777902e-05
2.904820802751814825e-05
2.903817344261949118e-05
2.907677960644190041e-05
2.905079502523584512e-05
2.904713826213792935e-05
2.902197353850835239e-05
2.903737456881020658e-05
2.903094963642940357e-05
2.905117917661695386e-05
2.902734418377005520e-05
2.903538891103146387e-05
2.907509582560254121e-05
2.903679588305030186e-05
2.905125225410379523e-05
2.903416088574586765e-05
2.904736831606623265e-05
2.906128533891600332e-05
2.903296088343223857e-05
2.902638088773313015e-05
2.900499334597048378e-05
2.902224663310873256e-05
2.902234023810362559e-05
2.901425086668185267e-05
2.901695746143039261e-05
2.903941149994381456e-05
2.899992855140453687e-05
2.903111186383246410e-05
2.902539087661038327e-05
2.900770086918711104e-05
2.901078050977268680e-05
2.901760286360913836e-05
2.902564526642831329e-05
2.901154372551935156e-05
2.900557639803189492e-05
2.901052320254519741e-05
2.899705725343456136e-05
2.898876855996883813e-05
2.898575586358850752e-05
2.901021366090385158e-05
2.900167751948664580e-05
2.900726003407887290e-05
2.899670497574436797e-05
2.899866922683221054e-05
2.900159634366593841e-05
2.899597359441458071e-05
2.899033496884281967e-05
2.899832209257947126e-05
2.895926952339816261e-05
2.899900065541572211e-05
2.895731640728116458e-05
2.897753744207506326e-05
2.899214174996820137e-05
2.894688847407277972e-05
2.897235681649266639e-05
2.898591423175830902e-05
2.897361732612238212e-05
2.896689638825502853e-05
2.897495436184514356e-05
2.895438353594511366e-05
2.898371922125182645e-05
2.897794791440059910e-05
2.898679124404084141e-05
2.897452307152326360e-05
2.898211515695171459e-05
2.897625474418603049e-05
2.896898283763845813e-05
2.896416902544482041e-05
2.898005311395512559e-05
2.895903248408641657e-05
2.896177336445136924e-05
2.896911543755494142e-05
2.897106437163274033e-05
2.894106253633302141e-05
2.893994541236234765e-05
2.897062274919706424e-05
2.896362989658699468e-05
2.893940230014079354e-05
2.892861852150298177e-05
2.895329925169765295e-05
2.894474163710887527e-05
2.895735709802128589e-05
2.892350801004780673e-05
2.895885426641048207e-05
2.894422340816399405e-05
2.894505825644260970e-05
2.892512508389114291e-05
2.894514018589404290e-05
2.892997629995029102e-05
2.892988336651905311e-05
2.890275560952373728e-05
2.890981003747018931e-05
2.891728095255579383e-05
2.890499380152355369e-05
2.892547644356237955e-05
2.890631771809579754e-05
2.893465909884324988e-05
2.891924551100087123e-05
2.889968385510325081e-05
2.891313106971010429e-05
2.890363199041236944e-05
2.889771064505474276e-05
2.890292246802175736e-05
2.891780560419385951e-05
2.891725741165834183e-05
2.889211876537468851e-05
2.891997441697078915e-05
2.890441035580268247e-05
2.889380284546082009e-05
2.890717937108343931e-05
2.889435741789365012e-05
2.891416921071080293e-05
2.889261074200284639e-05
2.890831147615102552e-05
2.890102591235171848e-05
2.892332352058852050e-05
2.889277527273623409e-05
2.889275142727659336e-05
2.891013697883766187e-05
2.885825663509319547e-05
2.891053433335839186e-05
2.889983842281669359e-05
2.888929212117988376e-05
2.890249575108967727e-05
2.890009147225764292e-05
2.890719943338222948e-05
2.889740133644565565e-05
2.887636429626768810e-05
2.890104186008848842e-05
2.888588291235561124e-05
2.889674032364774185e-05
2.888450390335008680e-05
2.886768630112780196e-05
2.887970495419987923e-05
2.888438730498248501e-05
2.886533543105243631e-05
2.888213485722177326e-05
2.888117018401020164e-05
2.888398609603926706e-05
2.888699262044100649e-05
2.887592968641499390e-05
2.889695106030707272e-05
2.883955946030954045e-05
2.889580397283731999e-05
2.886505943825223161e-05
2.887714963493997903e-05
2.885499446714088044e-05
2.887876901953066605e-05
2.886663883919435495e-05
2.887171620235325442e-05
2.886234189268656479e-05
2.886890993572514236e-05
2.886441113042825189e-05
2.887018762596291600e-05
2.884124039781944593e-05
2.885545188953993816e-05
2.887192467039393257e-05
2.884764472631246154e-05
2.883909403476862893e-05
2.886992543610752477e-05
2.883039705797408868e-05
2.887342449801848576e-05
2.882220242157764443e-05
2.884542607610666361e-05
2.886082235870231894e-05
2.885695864356093573e-05
2.886447046842523803e-05
2.884552551465871488e-05
2.883758496149305768e-05
2.883794532697358639e-05
2.883047261021253485e-05
2.885634064746213855e-05
2.881871763602774194e-05
2.885253379474068613e-05
2.881579319565532427e-05
2.885018712958940844e-05
2.882298973201797703e-05
2.883032855479618635e-05
2.883980975751238899e-05
2.884707793746687463e-05
2.882283499070428467e-05
2.884615899360370818e-05
2.882697252620721471e-05
2.881094424275816809e-05
2.882960059656726909e-05
2.881394529499850757e-05
2.879749704310744312e-05
2.881609583424717103e-05
2.878189385112366291e-05
2.881764391885689356e-05
2.881976720232788815e-05
2.880958114373072785e-05
2.879881486895548580e-05
2.881709506266164270e-05
2.879961993978025621e-05
2.879122888510493659e-05
2.879633109785941270e-05
2.882095018433203224e-05
2.879354201630093181e-05
2.880526057922959716e-05
2.878830169222293053e-05
2.880642587107538885e-05
2.878044428913161348e-05
2.878469133038344036e-05
2.878998795719483187e-05
2.880043645002449988e-05
2.880779429618079006e-05
2.879155818334726340e-05
2.881472225736885761e-05
2.880719211110135337e-05
2.877303975254876030e-05
2.881043766547393108e-05
2.878981921392088678e-05
2.880064420809198383e-05
2.878919380905786113e-05
2.879705635828728503e-05
2.876066022214765277e-05
2.881171783859719414e-05
2.878176064495734739e-05
2.877809336963189229e-05
2.876257467878278164e-05
2.878473625161828681e-05
2.877774920918293951e-05
2.877536165013391700e-05
2.876993542205721156e-05
2.875209188062516003e-05
2.877766355575141460e-05
2.877336642458668789e-05
2.877784868381792687e-05
2.878704674912613667e-05
2.876871007826088602e-05
2.876059841425739546e-05
2.875309004736745818e-05
2.875727363561667737e-05
2.877467660445773260e-05
2.875888769772648470e-05
2.878008778811175003e-05
2.876266201852130473e-05
2.874789298840850033e-05
2.878125890216559011e-05
2.877128171632951730e-05
2.876557581729908498e-05
2.877809114243785342e-05
2.876383892629897951e-05
2.875088601542270594e-05
2.877718182359124358e-05
2.877131005602262783e-05
2.873533421479758634e-05
2.874901231129199240e-05
2.875438198171181779e-05
2.873741867837173282e-05
2.875349132460407970e-05
2.875148010572206093e-05
2.874961689008582991e-05
2.873620004199715840e-05
2.873339912137005571e-05
2.874234884956891872e-05
2.874650863138836931e-05
2.875444230716388624e-05
2.874671565256986091e-05
2.874726947633356227e-05
2.874570281440242298e-05
2.874691255396035082e-05
2.875900540991468366e-05
2.872682166297893714e-05
2.872198669977094203e-05
2.873443445625843755e-05
2.873771762190846700e-05
2.874953703982508461e-05
2.871466870521321513e-05
2.874232014880725194e-05
2.873637350525537766e-05
2.876154147156120001e-05
2.873241602532587176e-05
2.873190383470622587e-05
2.871355746944507137e-05
2.873388067589355345e-05
2.872026615645769908e-05
2.871988553449145564e-05
2.873548714882374035e-05
2.870400204183437494e-05
2.873031368449840107e-05
2.872494955157012253e-05
2.871015876426694235e-05
2.871957159237563512e-05
2.874236797870666601e-05
2.872106806811837367e-05
2.872052875117616372e-05
2.870398245466946016e-05
2.871265320765207027e-05
2.870130827135959259e-05
2.872511975768712164e-05
2.868617576618763163e-05
2.871899986684090547e-05
2.870789252727546669e-05
2.870360588723347087e-05
2.868636956813774963e-05
2.872041118814894212e-05
2.869691272243050009e-05
2.869623787467036111e-05
2.869565968352875263e-05
2.871231037261757964e-05
2.868741513332440909e-05
2.869542044657182389e-05
2.871251709417328550e-05
2.869798984908186092e-05
2.869132812904150284e-05
2.869373742137607621e-05
2.870619957225397547e-05
2.868217954774697807e-05
2.872633846033085690e-05
