7.736241187414485466e+03
7.204841322878643872e+00
3.514261074355359060e+00
2.872083504924875630e+00
2.651569904562212532e+00
2.527547201108907515e+00
2.437756596912981077e+00
2.362622275198725585e+00
2.300782863301979120e+00
2.253834546822563567e+00
2.214526217905347316e+00
2.180439698252252700e+00
2.151233726298483528e+00
2.125719961095899446e+00
2.103083472207885052e+00
2.080823134169972111e+00
2.060997939164057602e+00
2.041974566112215950e+00
2.024709761112589046e+00
2.010122460741051942e+00
1.997278152306540822e+00
1.984580116457303367e+00
1.972218575011787323e+00
1.961587134014788791e+00
1.952534773968140236e+00
1.943646172230473201e+00
1.935638443368264294e+00
1.928615924122384806e+00
1.923094281767498304e+00
1.917726521475608736e+00
1.912907427282337869e+00
1.908646492342447987e+00
1.905031217730482673e+00
1.901691305050767777e+00
1.897857298267573212e+00
1.895221967884602954e+00
1.892124786402004322e+00
1.889132206600984576e+00
1.886127600201130683e+00
1.883243110560457456e+00
1.880912143296609385e+00
1.878206667753016035e+00
1.876049433607073880e+00
1.873129145277370844e+00
1.871613647090147881e+00
1.869403223687275073e+00
1.867069712871916920e+00
1.864639603552795455e+00
1.862789087097504792e+00
1.860530598819172710e+00
1.858450297372863158e+00
1.857236890495016501e+00
1.855395864572621401e+00
1.853625350599388932e+00
1.852305544598915388e+00
1.849953123627703810e+00
1.848765605954747260e+00
1.846637026682311333e+00
1.845183452384526079e+00
1.843898539865757913e+00
1.842651267867108977e+00
1.841073107138206710e+00
1.839342178271058614e+00
1.838275873018556883e+00
1.836982873065382993e+00
1.835358122045584794e+00
1.833486073402856631e+00
1.832841577388397258e+00
1.830846172414045236e+00
1.829747608641950851e+00
1.828532253973439436e+00
1.827227725031645766e+00
1.825487154458854899e+00
1.823958015551595535e+00
1.823551728442461828e+00
1.820537475624620205e+00
1.819541434731611673e+00
1.818169254096106524e+00
1.816488796279353890e+00
1.815540918774136259e+00
1.813205796727834107e+00
1.812083742992441238e+00
1.810782810320007430e+00
1.809283073153051369e+00
1.808517867145448710e+00
1.807146555028069201e+00
1.805971996519926570e+00
1.804740881144845988e+00
1.804139321367690174e+00
1.803126838090834516e+00
1.801618566540829081e+00
1.800603017400346451e+00
1.799054827896435338e+00
1.798545357485518137e+00
1.797454721823973811e+00
1.796418923750137786e+00
1.795386402754654886e+00
1.794630833516333457e+00
1.793866249410095870e+00
1.792883179552724249e+00
1.792530666617781820e+00
1.790626182511989128e+00
1.790349379734669899e+00
1.789341657533605856e+00
1.788209592702444839e+00
1.787750584140039622e+00
1.786765976533757572e+00
1.785825698000749862e+00
1.785006116193122772e+00
1.784124137766921692e+00
1.783395196896281121e+00
1.782521677945317018e+00
1.780950851700415338e+00
1.780588772478005399e+00
1.779733847750172959e+00
1.778923223096281703e+00
1.778057770065403220e+00
1.777470720917395219e+00
1.776648993301809254e+00
1.776028845535838840e+00
1.774939643732246886e+00
1.774208493350934779e+00
1.773118167619067931e+00
1.772410812981404682e+00
1.772465745429083972e+00
1.771442681939333630e+00
1.770646125991524045e+00
1.770041924720149540e+00
1.769315049095102177e+00
1.768840253697237186e+00
1.768112129377753083e+00
1.767380567311961803e+00
1.766729332245393413e+00
1.765977985611888901e+00
1.765803938971205245e+00
1.765245963750652791e+00
1.764828406624797896e+00
1.764242750163540485e+00
1.763070533518088956e+00
1.762974231371846168e+00
1.762452507167965532e+00
1.761268663064170292e+00
1.761679157703249343e+00
1.760725161374234293e+00
1.760106483353867990e+00
1.760351805178314466e+00
1.759547716808378404e+00
1.758810349474779322e+00
1.758580225013128828e+00
1.758392038412493363e+00
1.757449604598181558e+00
1.757024602766206423e+00
1.756547693987222658e+00
1.755637029619379286e+00
1.755511748728280530e+00
1.754922631057415972e+00
1.754358013166511299e+00
1.753163300090438748e+00
1.753412379214830397e+00
1.753109166987632417e+00
1.752011087170799009e+00
1.751666245867899985e+00
1.750375175854967047e+00
1.750013254930384177e+00
1.749743311731490447e+00
1.749148132279332080e+00
1.748227186395820754e+00
1.748004833704525085e+00
1.747341632850831994e+00
1.747070102051469620e+00
1.746306443057270119e+00
1.746070779901011116e+00
1.744901459533556132e+00
1.744852315585107450e+00
1.744195498031420488e+00
1.743840197889912291e+00
1.742843057740761648e+00
1.742189704251867699e+00
1.742138354978449488e+00
1.741586485618512370e+00
1.740717798188871956e+00
1.740393508514241239e+00
1.739376265794829513e+00
1.739225038292031345e+00
1.738503036559783332e+00
1.738723027566284829e+00
1.738023597641341400e+00
1.737409978027195878e+00
1.737754192884955362e+00
1.736518142447757818e+00
1.736250393658615554e+00
1.735318523506032662e+00
1.734883885895732725e+00
1.735017537038975322e+00
1.734130780116543535e+00
1.733423071348849209e+00
1.733235419499567609e+00
1.732613744785849841e+00
1.732472738218468367e+00
1.732260966716883122e+00
1.731283852531638079e+00
1.731304253292856199e+00
1.730660718730399283e+00
1.730285724905322953e+00
1.729906263886259232e+00
1.729758694037968336e+00
1.728906715575793784e+00
1.728641435127443726e+00
1.728450123768169977e+00
1.728007692191377842e+00
1.727391727721577785e+00
1.727666504266952119e+00
1.726708375360644254e+00
1.726369626034180982e+00
1.725960658264704017e+00
1.725518670992920001e+00
1.725376993384295510e+00
1.724721860491581937e+00
1.724552653458116591e+00
1.724329742600729132e+00
1.723963771440419235e+00
1.722824098519263991e+00
1.722914649288808997e+00
1.722611517475779674e+00
1.722838711160720848e+00
1.722068802792789954e+00
1.721539682972151875e+00
1.721692643477417795e+00
1.721153429488136322e+00
1.720785515675026467e+00
1.720191142616350533e+00
1.720018192635339949e+00
1.719977567234827198e+00
1.719365266256055014e+00
1.719468386601971766e+00
1.719174467495814707e+00
1.718088448193229922e+00
1.717905708161292733e+00
1.718300307910020752e+00
1.717840191108210846e+00
1.717481885069142011e+00
1.717176206747269784e+00
1.716605458884030044e+00
1.716827264737412539e+00
1.716240020509162578e+00
1.715571300886041373e+00
1.715486817333630398e+00
1.715134369481222221e+00
1.715227832229727634e+00
1.714646619658797499e+00
1.714670583397634784e+00
1.714198461360973980e+00
1.714002456707431010e+00
1.713886043343782362e+00
1.713805209484923431e+00
1.712907568249835144e+00
1.712783527313276988e+00
1.712651062381010947e+00
1.712778977032273664e+00
1.712175074780474926e+00
1.711777891630620330e+00
1.712093907797402670e+00
1.711071177955997058e+00
1.711495486186937143e+00
1.710955638995742323e+00
1.710733652323441545e+00
1.710281473060221158e+00
1.710658358677255908e+00
1.710015205066980792e+00
1.709691896240563613e+00
1.709990944138934044e+00
1.709245463467636617e+00
1.708718499739152907e+00
1.709065996262392195e+00
1.708618490203411167e+00
1.708820580032240466e+00
1.708133791960404491e+00
1.707835709691179593e+00
1.708052112727812766e+00
1.707472019211498271e+00
1.707435445206332059e+00
1.707157299249330240e+00
1.706957187498500339e+00
1.707116606232888190e+00
1.706519486991395329e+00
1.706194657114779245e+00
1.706030332543391870e+00
1.706044753189855934e+00
1.705556531899596440e+00
1.705548629659406457e+00
1.705697574260948368e+00
1.705525798828292361e+00
1.704874405629769551e+00
1.704774969490444381e+00
1.704318861575193189e+00
1.704665159053027734e+00
1.704152831929616418e+00
1.704419153175687596e+00
1.703627140241930515e+00
1.703817534025811042e+00
1.703346186068916968e+00
1.702925871327686691e+00
1.703567368401839310e+00
1.702673025632345016e+00
1.702638220124153223e+00
1.702433532193864840e+00
1.702133354315055414e+00
1.701693614693387424e+00
1.701994528088767167e+00
1.701392326787786180e+00
1.701215695162325181e+00
1.701198489610021847e+00
1.700938182811917221e+00
1.701371371833232393e+00
1.700630890792129701e+00
1.700265990605890787e+00
1.700309180357390648e+00
1.699981073701420042e+00
1.700493490534657814e+00
1.699470408089100326e+00
1.699525196325286869e+00
1.699056173858349839e+00
1.699113326377939437e+00
1.698979384242685686e+00
1.699016903912651477e+00
1.698659692890902795e+00
1.698325811239853156e+00
1.698038847208139579e+00
1.698300024880449399e+00
1.697224677352163535e+00
1.697710383232043707e+00
1.697535431497439129e+00
1.697122562981975502e+00
1.697169531784409102e+00
1.697011241350523392e+00
1.696845546036411356e+00
1.696832569887283704e+00
1.696342156127228717e+00
1.696500916155695649e+00
1.696352147574767155e+00
1.695756320235898951e+00
1.695595464228424998e+00
1.695343885948705109e+00
1.695226526152200597e+00
1.695307266474161967e+00
1.694561556027523119e+00
1.695196789936980419e+00
1.694661875138869789e+00
1.694417472826144522e+00
1.694273950924854555e+00
1.694172466382658282e+00
1.693694594431267131e+00
1.694040409530142233e+00
1.693549007894568303e+00
1.693532195221832071e+00
1.693591381235107773e+00
1.693047743320403420e+00
1.692753739833926296e+00
1.692970234608348612e+00
1.692765070383267290e+00
1.692489536211238210e+00
1.692424546515852057e+00
1.692559869692259245e+00
1.691870450114843161e+00
1.691833895864426340e+00
1.691803965209290217e+00
1.691283640785330666e+00
1.691251808051901229e+00
1.691082398090642425e+00
1.691361939789130409e+00
1.691094471412154743e+00
1.690895947009775302e+00
1.690477735947279125e+00
1.690755936123880199e+00
1.690047613057889642e+00
1.690231708958625179e+00
1.689764323317064720e+00
1.690120216357720251e+00
1.689384319941438894e+00
1.689573308887074132e+00
1.689748105260159727e+00
1.688840920100823206e+00
1.689256775848666514e+00
1.689078203742471418e+00
1.689752853158242196e+00
1.689430276941391584e+00
1.688569278769550985e+00
1.688616480893166960e+00
1.688470707600277843e+00
1.688378193404039163e+00
1.687920674728248249e+00
1.688100725821747528e+00
1.688424181739310415e+00
1.688385159730469542e+00
1.687232127367182200e+00
1.687686833627398020e+00
1.687011278617483789e+00
1.687418224509381171e+00
1.687330354261099563e+00
1.687038240576109738e+00
1.686982929605449710e+00
1.687186736091456307e+00
1.686593284519902092e+00
1.686539846316272184e+00
1.686201318154380235e+00
1.686381325532212427e+00
1.686353114628712735e+00
1.686156110205756287e+00
1.686031538122294782e+00
1.685899406389317345e+00
1.685547802309594667e+00
1.685660192274179847e+00
1.685435398066382318e+00
1.685028987471924866e+00
1.685249713192891408e+00
1.685040450238391996e+00
1.684813043082838524e+00
1.685116325193946052e+00
1.684391842040133813e+00
1.684435519814541315e+00
1.684472834416928855e+00
1.684384858171023236e+00
1.683879234939192449e+00
1.683799011864790973e+00
1.683656197135018351e+00
1.683580821007814698e+00
1.683202763886369135e+00
1.683470035604103465e+00
1.683036324879274126e+00
1.683635323295056940e+00
1.682918878302646082e+00
1.683248709479346683e+00
1.682675998725545519e+00
1.682425023149691334e+00
1.682639461770349065e+00
1.682128363113102099e+00
1.681960099965980282e+00
1.682297377199504673e+00
1.681798531531534469e+00
1.681664342576807192e+00
1.681186456099142745e+00
1.681467037840412626e+00
1.680925381412050390e+00
1.680906342498859063e+00
1.680222000353615464e+00
1.680286499886402218e+00
1.680102046912257396e+00
1.680247489645772418e+00
1.679737058936704663e+00
1.679824959868163603e+00
1.679952478030664942e+00
1.679491197709215067e+00
1.679496914549150732e+00
1.679078240989802406e+00
1.679428701411153968e+00
1.679303216306399893e+00
1.678795090575182281e+00
1.678721053325578527e+00
1.678819984456007663e+00
1.678411100994054550e+00
1.677959693305998812e+00
1.678080219006852891e+00
1.678131040771773552e+00
1.677179987438688347e+00
1.677627078994751386e+00
1.677387065966400304e+00
1.677479024753958159e+00
1.676810886791486821e+00
1.677020124231745513e+00
1.677083397558626565e+00
1.676885013158315507e+00
1.676622944779836200e+00
1.676460556239089517e+00
1.676480560508196938e+00
1.676289203142018458e+00
1.675750599402643815e+00
1.676029203362122022e+00
1.675618548297711285e+00
1.675824024367494003e+00
1.675802493395587289e+00
1.675499290916079964e+00
1.675153278573920712e+00
1.675167919638110403e+00
1.675034270145221438e+00
1.674718350540023382e+00
1.675038336356350799e+00
1.674677950033192086e+00
1.674522995692679705e+00
1.674722486074183836e+00
1.674025732589181414e+00
1.674320168374670681e+00
1.673867392790005626e+00
1.673528456895272631e+00
1.673917495296198155e+00
1.673426174823406054e+00
1.673462966572148547e+00
1.673276137249623874e+00
1.673136263795841350e+00
1.672713158555804380e+00
1.672758843584394750e+00
1.672854040033000311e+00
1.672794575503138592e+00
1.672536929836319075e+00
1.672714042690143676e+00
1.672348875971731541e+00
1.672180329059453463e+00
1.671646751498729877e+00
1.672163539768522833e+00
1.671785256709040324e+00
1.671831252380941768e+00
1.671857132361435294e+00
1.671471763539983613e+00
1.671046149787188906e+00
1.671499768755859705e+00
1.671097465109096847e+00
1.670937099600991127e+00
1.670815504987147371e+00
1.670447115689164486e+00
1.670774372114488315e+00
1.670254258376007162e+00
1.670247307362977329e+00
1.670409885207263967e+00
1.670705090285192540e+00
1.669735482592174636e+00
1.669843258672772057e+00
1.670015606401019870e+00
1.670137436578070789e+00
1.669702089544925938e+00
1.669405008651929867e+00
1.669455906091044328e+00
1.669161905655581535e+00
1.669392210251170017e+00
1.669344806221137567e+00
1.668842537872800680e+00
1.668683393592003350e+00
1.668859480227779635e+00
1.668875624911682287e+00
1.668219300589005583e+00
1.668637655361097538e+00
1.668178951481287697e+00
1.668290877208521206e+00
1.668110629231671194e+00
1.668134739436492042e+00
1.667574682143811549e+00
1.667721532192869560e+00
1.667468678192826514e+00
1.667651361540797961e+00
1.667185724863618379e+00
1.667589756040261939e+00
1.666957583764726358e+00
1.666998262133863040e+00
1.667242259778623170e+00
1.667035381622982815e+00
1.667049641957890849e+00
1.666750265340373849e+00
1.666892959149847808e+00
1.666375986454825764e+00
1.666230282592603196e+00
1.666575405748704330e+00
1.666174390528218474e+00
1.665756673168860003e+00
1.665825182919093539e+00
1.665975896339028761e+00
1.665900035550651914e+00
1.665894949748564002e+00
1.665712892012740642e+00
1.665856011936867054e+00
1.665393702849368163e+00
1.665284805336120444e+00
1.664988005233086099e+00
1.664945385978255477e+00
1.664945989086057621e+00
1.664968532107440113e+00
1.664683619876986098e+00
1.664545386860100562e+00
1.664683770587745748e+00
1.664574912677026397e+00
1.664300066171365167e+00
1.664341074082499317e+00
1.663939691372957386e+00
1.664059659219463638e+00
1.663793709374363106e+00
1.664055299719131575e+00
1.663884861594937536e+00
1.663651296009523106e+00
1.663721203926257663e+00
1.663332934343318303e+00
1.663118941971345688e+00
1.663227781036777708e+00
1.663185987043323211e+00
1.663120132556223707e+00
1.662815886800302234e+00
1.662666241171134818e+00
1.662809712798323902e+00
1.662855603898007795e+00
1.662499187144853563e+00
1.662585019968928490e+00
1.662391442710853040e+00
1.662044072217123691e+00
1.662056502749916120e+00
1.661675521132314204e+00
1.661915697226469479e+00
1.661699277638205352e+00
1.661938642773427510e+00
1.661982391803938031e+00
1.661672898330069037e+00
1.661828191199748783e+00
1.661285225860074100e+00
1.660546929372838321e+00
1.660953587676415655e+00
1.661193082157762957e+00
1.661249082877919836e+00
1.661010535828571388e+00
1.660583638769130399e+00
1.660325834709872161e+00
1.660625304806980340e+00
1.660631961081491692e+00
1.660439860460315886e+00
1.660015180484659236e+00
1.660340381979843238e+00
1.659755025459996647e+00
1.660216900728743950e+00
1.659676739524875044e+00
1.659821309772810949e+00
1.659659905901767152e+00
1.659495368606427101e+00
1.659181012322617166e+00
1.659453945290541244e+00
1.658931098775248136e+00
1.659347359006670963e+00
1.659066620513547807e+00
1.658373894928775849e+00
1.658666731534622629e+00
1.658694550948424551e+00
1.658387129024796680e+00
1.658567498409050822e+00
1.657992886769787955e+00
1.658256056910081488e+00
1.658098752579306057e+00
1.657737195964104515e+00
1.657666229311870021e+00
1.657822410385117351e+00
1.657266532126992598e+00
1.657440650505767943e+00
1.656845704043511835e+00
1.657190368083566900e+00
1.657434108238304393e+00
1.657181169459865711e+00
1.656971476224548434e+00
1.657234616879891709e+00
1.656264766802515664e+00
1.656604773201517444e+00
1.656496618973036794e+00
1.656026745320034133e+00
1.656285638203228494e+00
1.656048647190920819e+00
1.655949098316733981e+00
1.655756801577007442e+00
1.655606612728517391e+00
1.656239888744430511e+00
1.655292385753527551e+00
1.655476476331640745e+00
1.655570242160949723e+00
1.655128082308432003e+00
1.655059448309469827e+00
1.655012070502009047e+00
1.654861517208220834e+00
1.654549123206555672e+00
1.654997944621972250e+00
1.654569619028503746e+00
1.654799002604818936e+00
1.654442580966097642e+00
1.654322222859937241e+00
1.654022465195906122e+00
1.653908025820933991e+00
1.653983884691216932e+00
1.654105973239657246e+00
1.653626569157906623e+00
1.654094658373511439e+00
1.653910995926663574e+00
1.653276936658218954e+00
1.653802539014803674e+00
1.653687833912089511e+00
1.653204736011601339e+00
1.653107369814399430e+00
1.653099000202395752e+00
1.653254096910730997e+00
1.653123866991469404e+00
1.652588789216956400e+00
1.652921083337402619e+00
1.652717706363599603e+00
1.652682687814687634e+00
1.652441743599248447e+00
1.652629895616885669e+00
1.651959921600770986e+00
1.651966427355420430e+00
1.651711977558866451e+00
1.652051708617794157e+00
1.651946254704863781e+00
1.651567271189425590e+00
1.651644796072153198e+00
1.651607037374447584e+00
1.651056368147250542e+00
1.651398865937476979e+00
1.650734397212780147e+00
1.651128167701792826e+00
1.651360053328717825e+00
1.651097674634672385e+00
1.650617221824852265e+00
1.650885294329984099e+00
1.650628015596086628e+00
1.650753297476281078e+00
1.650372088191678133e+00
1.650414489400584550e+00
1.650348238166658321e+00
1.650430426628734182e+00
1.650044094445279885e+00
1.649991702071925692e+00
1.650242132845829879e+00
1.649750837845229023e+00
1.649431779322681146e+00
1.649605650292451209e+00
1.649625535551539457e+00
1.649012701368968825e+00
1.649412517566191116e+00
1.649469454320116713e+00
1.649159342721066679e+00
1.649028905994192273e+00
1.648765674716025309e+00
1.648708921431538021e+00
1.648912523245437134e+00
1.648673145162569131e+00
1.648609320118812560e+00
1.648212733419807563e+00
1.648914514683112786e+00
1.648319587264949426e+00
1.648171041108498214e+00
1.647817376758430541e+00
1.648181541088539648e+00
1.648029292169905347e+00
1.648074891641531536e+00
1.647718656371158108e+00
1.647401785115140793e+00
1.647372447854909217e+00
1.647829462949908841e+00
1.647657431146568152e+00
1.647560487926207573e+00
1.646934349018535970e+00
1.646974970273256567e+00
1.647026896433021470e+00
1.647025914902525257e+00
1.646762733994745265e+00
1.647017072565943430e+00
1.646859399321449535e+00
1.646445861517336073e+00
1.646588021006929914e+00
1.646752538400347410e+00
1.646449898898819209e+00
1.646376623689961072e+00
1.646471813751959168e+00
1.645902498274377734e+00
1.646341240203249345e+00
1.645939908802023677e+00
1.646344167219497390e+00
1.646116092219493288e+00
1.645350858481022360e+00
1.645635007713079467e+00
1.645492401553932282e+00
1.645526369109958198e+00
1.645448726673876427e+00
1.645390153597122707e+00
1.645239187380531876e+00
1.645363490774081061e+00
1.644701588718401331e+00
1.644859277165590328e+00
1.645020972656412228e+00
1.645074031645941126e+00
1.644554322671618163e+00
1.644611227730756964e+00
1.644579163111413056e+00
1.644646509768270537e+00
1.644292152767935056e+00
1.644430674699098205e+00
1.644361822223110670e+00
1.644200878663363508e+00
1.643909624517422952e+00
1.643940640909757889e+00
1.643993499594755159e+00
1.643427329970752693e+00
1.643993540417280075e+00
1.643460841515238746e+00
1.644023019814806030e+00
1.643201813817332546e+00
1.643310522227985349e+00
1.643324491422127220e+00
1.643271520607986869e+00
1.643207460688143495e+00
1.643133442402812561e+00
1.642752234163495473e+00
1.642571654858749675e+00
1.643081201821134485e+00
1.642990456365795104e+00
1.643034092902577514e+00
1.642609895934670439e+00
1.642647950892029085e+00
1.642214839418905559e+00
1.642224841201619379e+00
1.642408756124727143e+00
1.642142180564959197e+00
1.642123307775005481e+00
1.642069554938935250e+00
1.642062406706157995e+00
1.641990205399584957e+00
1.641825820107564393e+00
1.641743589180982621e+00
1.641859215304644737e+00
1.641947103215615211e+00
1.641853831614877857e+00
1.641377935034217916e+00
1.641653124585005452e+00
1.641667430765596958e+00
1.641305859667846256e+00
1.641262007085471986e+00
1.641288976936211119e+00
1.641041743896988203e+00
1.641117606791565819e+00
1.640605071131950199e+00
1.640982362172912490e+00
1.640376310739884547e+00
1.640910383206717782e+00
1.640739617415919449e+00
1.640392445079587924e+00
1.640524910090557453e+00
1.640158419304095005e+00
1.640305719619899794e+00
1.640361428388998677e+00
1.640273807081927382e+00
1.640450920787349443e+00
1.640201318898714566e+00
1.640236943618350818e+00
1.639963170544056492e+00
1.639220312138127689e+00
1.639819115460923404e+00
1.639542395784574502e+00
1.639571155272626868e+00
1.639538826293547968e+00
1.639020119962616429e+00
1.639091909391765967e+00
1.639478580207464953e+00
1.638916002182154941e+00
1.639007880185749499e+00
1.639091912611350565e+00
1.639036974649964895e+00
1.639271670984898011e+00
1.638942509451849716e+00
1.638793903526369666e+00
1.638669458204564666e+00
1.638778883515726648e+00
1.638458004404760970e+00
1.638726645823190164e+00
1.638560030493599218e+00
1.638654083264855288e+00
1.638611725194922597e+00
1.638777190382597837e+00
1.638648639348909697e+00
1.638426038008890195e+00
1.638085047013493112e+00
1.638010020689026680e+00
1.638058896320799374e+00
1.638360048189738905e+00
1.637987421360636464e+00
1.637901595102996044e+00
1.637745915028676835e+00
1.637995766252969387e+00
1.637995771156770308e+00
1.637936153766131220e+00
1.637784184047667457e+00
1.637621267174828255e+00
1.637673464793917733e+00
1.637457606923819586e+00
1.637363273283433340e+00
1.637163356335150644e+00
1.637132722584795808e+00
1.636758330345549739e+00
1.637236803913285188e+00
1.637313910131487305e+00
1.636911046117541346e+00
1.636834477671937238e+00
1.636716058132882345e+00
1.636395379997939381e+00
1.636624700047555114e+00
1.636618973380852937e+00
1.636879177032053878e+00
1.636604933601820244e+00
1.636570613641192162e+00
1.635984110944650460e+00
1.636052454704586712e+00
1.636010753686872432e+00
1.635957725247860317e+00
1.636054732640549014e+00
1.636165340607264040e+00
1.635678821302688712e+00
1.635813563922899005e+00
1.636141949335287116e+00
1.635541593481660838e+00
1.636024366764791349e+00
1.635260337244662132e+00
1.635663781980677633e+00
1.635213572855014563e+00
1.635147956365858857e+00
1.635084508721465824e+00
1.635075071402607216e+00
1.635240811615170653e+00
1.634866919026102483e+00
1.634530130454230346e+00
1.634496384588953743e+00
1.634995842740668781e+00
1.634276921312733277e+00
1.634814612158453029e+00
1.634340356221867907e+00
1.634614352113970881e+00
1.634270330173039021e+00
1.634321301174657792e+00
1.634244563661042537e+00
1.634527207240865421e+00
1.634041335189930333e+00
1.633908555029645271e+00
1.634099656556806002e+00
1.634096324966367142e+00
1.633547645937964088e+00
1.633795297365413068e+00
1.633620708407705457e+00
1.633750211164683330e+00
1.633695107407433289e+00
1.633437129948776656e+00
1.633090270394982557e+00
1.633370439209356872e+00
1.633419398061922490e+00
1.633172543627918749e+00
1.633182319101684765e+00
1.633450262679233767e+00
1.632932031007254370e+00
1.632994321726071840e+00
1.632788875593737865e+00
1.632967883165688860e+00
1.632982890061417836e+00
1.632900898517857913e+00
1.632676505702437053e+00
1.632754807583284506e+00
1.632419132852436894e+00
1.632387260137102114e+00
1.632389041547580355e+00
1.632420572235258938e+00
1.632185853724003710e+00
1.632193243923899084e+00
1.632289030979763078e+00
1.632179912757698581e+00
1.632101652097544431e+00
1.631698499812995751e+00
1.632300526546772046e+00
1.631450489921338010e+00
1.631847814965678545e+00
1.631892693487569046e+00
1.631641919632350168e+00
1.631590405464249827e+00
1.631869843207960802e+00
1.631151735751737331e+00
1.630719891319975634e+00
1.631394916414053320e+00
1.631034029401756680e+00
1.631069913059614684e+00
1.630819037442709618e+00
1.630654808853887472e+00
1.631169190142080394e+00
1.631055922561958971e+00
1.630832088943961145e+00
1.630735291216303562e+00
1.630730119950467571e+00
1.630383250168203402e+00
1.630717731369771384e+00
1.630485726005332037e+00
1.630630302884265026e+00
1.630353947478131893e+00
1.630176004595326189e+00
1.630436578399592218e+00
1.629995494446901505e+00
1.630043336768478346e+00
1.630086180523379946e+00
1.630050547630493840e+00
1.630003624405538032e+00
1.629551200621896179e+00
1.629830446960332191e+00
1.629955564444113270e+00
1.629965805966991699e+00
1.629549165789321297e+00
1.629648017646408986e+00
1.629452850990988910e+00
1.629485156811162350e+00
1.629205326909053397e+00
1.629472336807052724e+00
