         0.0000        940.1800        979.8165       1036.2200         13.5459        949.4722        979.9565       1030.1511         13.3663         -0.1401          1.8077          1.8022          1.1893     119822
       500.0000        873.4800        930.7786        980.2200         15.3606        898.8853        930.9370        970.2722         15.2722         -0.1584          1.7673          1.7602         -1.0041     247853
      1000.0000        824.8800        880.5079        921.7600         14.6822        850.4905        880.6320        912.6389         14.5997         -0.1241          1.6093          1.6045         -1.1128     311579
      1500.0000        778.7300        830.8341        864.9000         13.9321        800.9465        830.9363        858.4037         13.8623         -0.1022          1.4709          1.4673         -1.0578     311671
      2000.0000        734.9000        783.5369        812.0300         13.2378        752.5875        783.5939        807.4164         13.1751         -0.0570          1.3894          1.3882          0.9968     311688
      2500.0000        693.2100        738.5275        766.0500         12.6269        703.7248        738.5508        759.9768         12.5551         -0.0234          1.3561          1.3559          0.9943     311734
      3000.0000        653.2300        695.6831        722.8900         12.0659        660.5310        695.6891        716.6530         11.9851         -0.0060          1.3424          1.3424         -1.3558     312024
      3500.0000        607.8500        654.9299        681.9700         11.5453        615.9694        654.9190        675.1962         11.4633          0.0109          1.3394          1.3394          1.0264     310801
      4000.0000        567.9100        616.2008        641.4200         11.0644        575.1522        616.1703        635.6600         10.9743          0.0305          1.3399          1.3396         -1.3171     311658
      4500.0000        529.0000        579.3693        604.8200         10.6165        536.3361        579.3327        598.2808         10.5144          0.0366          1.3458          1.3453          0.7270     311580
      5000.0000        492.5200        544.3895        571.0500         10.2024        500.0806        544.3623        562.4537         10.0934          0.0272          1.3464          1.3461         -1.6096     311444
      5500.0000        458.4700        511.1945        536.7100          9.8172        462.5389        511.1919        528.4393          9.6970          0.0026          1.3581          1.3581          1.0035     311272
      6000.0000        425.7800        479.7058        505.6400          9.4696        434.5701        479.7266        495.8645          9.3441         -0.0208          1.3657          1.3655          0.9994     311796
      6500.0000        390.6600        449.8523        475.8100          9.1395        399.5827        449.8763        465.2029          9.0155         -0.0240          1.3642          1.3640         -1.1120     311730
      7000.0000        361.8800        421.5449        446.4200          8.8706        370.8402        421.5652        436.0528          8.7470         -0.0203          1.3783          1.3782          1.0208     311202
      7500.0000        335.0700        394.7132        420.6900          8.5877        343.4081        394.7273        408.6954          8.4592         -0.0141          1.3622          1.3621         -1.2552     311205
      8000.0000        314.4500        369.3042        394.9800          8.3493        318.1771        369.3104        383.0506          8.2183         -0.0062          1.3517          1.3517          0.9973     311088
      8500.0000        290.8900        345.2112        370.4500          8.1021        294.8041        345.2229        358.6466          7.9665         -0.0116          1.3242          1.3242          0.9774     311303
      9000.0000        269.6900        322.3971        345.4800          7.8715        271.0515        322.3975        335.5659          7.7406         -0.0004          1.3015          1.3015          0.9905     311325
      9500.0000        249.2600        300.7513        321.5600          7.6623        249.9088        300.7370        313.6185          7.5344          0.0143          1.2646          1.2645             NaN     311310
     10000.0000        227.6700        280.2825        301.6600          7.4266        230.1180        280.2571        292.6876          7.3059          0.0254          1.2208          1.2205          1.0124     311352
     10500.0000        212.4400        260.9028        283.2100          7.1808        214.0308        260.8590        273.0084          7.0700          0.0439          1.1735          1.1727          1.0550     312114
     11000.0000        195.5100        242.5877        261.9200          6.8853        197.6116        242.5209        255.5128          6.7802          0.0668          1.1222          1.1202          0.9945     310822
     11500.0000        178.3700        225.2752        245.7400          6.5991        178.3461        225.1878        238.1162          6.5025          0.0874          1.0593          1.0557          0.9995     311498
     12000.0000        165.2500        208.9397        228.4200          6.2594        164.3249        208.8515        220.7182          6.1804          0.0882          0.9894          0.9855          0.9835     312041
     12500.0000        155.5100        193.5258        210.3700          5.9213        156.2673        193.4365        205.0871          5.8574          0.0893          0.9142          0.9099          0.9838     311321
     13000.0000        141.9100        179.0179        195.0100          5.5472        139.4397        178.9168        190.3242          5.4881          0.1011          0.8333          0.8271          1.0080     311512
     13500.0000        131.5100        165.3558        181.7000          5.1758        129.7853        165.2554        176.4735          5.1204          0.1004          0.7628          0.7562          1.0061     311972
     14000.0000        121.8700        152.5209        166.8000          4.7942        121.9927        152.4447        163.4763          4.7559          0.0762          0.7035          0.6993          0.9782     311689
     14500.0000        112.9400        140.4981        154.9800          4.4116        115.1380        140.4242        150.8615          4.3755          0.0738          0.6653          0.6611          0.9813     311820
     15000.0000        111.2400        133.6148        142.8200          2.7502        113.4695        133.5579        139.4564          2.6916          0.0570          0.6515          0.6490          0.9521      62674
