1.786142872296603117e-03
6.052844119809969387e-04
3.317590663230396636e-04
2.776293399421419757e-04
2.457345099971261840e-04
2.232080106526197045e-04
2.066919982542009032e-04
1.935252101477777072e-04
1.845483087781495156e-04
1.781157527107792428e-04
1.725768067263847190e-04
1.677075604576714143e-04
1.634290808939120219e-04
1.598370720850060089e-04
1.564423820160356032e-04
1.534775889724942642e-04
1.506209404410788167e-04
1.479392844909013576e-04
1.455068545392296329e-04
1.432424102659415758e-04
1.411591776061403743e-04
1.393634329822113238e-04
1.376235995691168688e-04
1.360881118482292211e-04
1.346943528924128910e-04
1.333098295758889068e-04
1.320798769574413778e-04
1.309629002835647766e-04
1.297586460155962962e-04
1.286547300840502005e-04
1.274297139609060234e-04
1.264139890875346645e-04
1.251034622464362487e-04
1.238199855781089542e-04
1.222991924354713961e-04
1.210699907365760737e-04
1.198074505228658262e-04
1.187007461518359270e-04
1.176616360006961428e-04
1.168395206412580628e-04
1.159343538072574767e-04
1.152605149987652087e-04
1.147373425309765468e-04
1.141910209904300615e-04
1.136781548718993539e-04
1.131549322560489499e-04
1.127975555707586935e-04
1.123382586011219421e-04
1.119007589183093631e-04
1.114538564556747231e-04
