         0.0000        956.6000       1006.8223       1036.2200          3.4101        993.5541       1007.4892       1024.8907          3.1280         -0.6668          1.7237          1.5895         -1.0160     217347
       100.0000        948.8200        998.3891       1031.5900          3.7539        982.4487        997.1082       1015.4346          3.3439          1.2809          2.0933          1.6556          1.0371     288827
       200.0000        938.2400        987.1721       1018.5500          4.0831        968.5259        986.4953       1004.6057          3.5761          0.6768          1.9102          1.7863         -0.9991     325242
       300.0000        927.7500        976.0363       1006.0600          4.2348        957.9181        975.6837        993.3487          3.7344          0.3526          1.8899          1.8567         -1.0885     358498
       400.0000        917.6800        964.9335        993.6100          4.2014        947.4578        964.7208        981.8406          3.7364          0.2127          1.8632          1.8511          0.9953     382240
       500.0000        907.0500        953.9738        981.7900          4.1414        937.0950        953.7714        970.2427          3.7069          0.2025          1.8532          1.8421         -0.9966     405808
       600.0000        896.8500        943.1026        969.0700          4.0387        926.8323        942.8483        958.6926          3.6287          0.2543          1.8351          1.8174             NaN     422354
       700.0000        886.7200        932.3510        957.9300          3.9433        916.6677        932.0405        947.2307          3.5456          0.3104          1.8260          1.7994          1.0046     440229
       800.0000        876.7200        921.7062        946.6700          3.8343        906.6000        921.3359        936.5153          3.4434          0.3703          1.8111          1.7729         -0.9967     455187
       900.0000        866.7900        911.1686        935.0900          3.7565        896.6338        910.7695        924.9580          3.3547          0.3991          1.8105          1.7660             NaN     468612
      1000.0000        856.8900        900.7104        923.1200          3.6536        886.7703        900.3126        913.8064          3.2488          0.3977          1.7929          1.7483          1.0077     479828
      1100.0000        847.0800        890.3911        912.1800          3.5804        877.1578        889.9888        902.2399          3.1584          0.4023          1.7935          1.7478         -1.0053     494634
      1200.0000        837.3900        880.1477        900.6200          3.5121        866.8109        879.7649        891.2244          3.0644          0.3828          1.7984          1.7571          1.4063     505677
      1300.0000        831.0400        869.9793        889.5500          3.4154        857.0471        869.6203        880.1188          2.9526          0.3590          1.7758          1.7391          0.9915     515748
      1400.0000        818.2700        859.9256        879.5200          3.3189        847.4832        859.5781        869.6508          2.8444          0.3475          1.7705          1.7360         -0.9932     524433
      1500.0000        809.3700        849.9601        868.5200          3.2004        837.7556        849.6301        858.4911          2.7222          0.3300          1.7395          1.7079         -1.0064     531103
      1600.0000        799.5400        840.0712        857.3500          3.0942        828.2301        839.7666        848.3754          2.6077          0.3046          1.7143          1.6870          1.0032     536754
      1700.0000        790.3100        830.2997        848.4300          2.9973        818.7863        830.0031        837.6115          2.5028          0.2966          1.6987          1.6726         -1.0121     542482
      1800.0000        781.1500        820.6202        837.8400          2.9000        809.3913        820.3366        827.3270          2.3962          0.2836          1.6761          1.6520         -0.9950     546736
      1900.0000        772.1100        811.0132        827.4100          2.8330        800.1423        810.7487        817.8742          2.3183          0.2645          1.6595          1.6383          0.9906     552439
      2000.0000        763.1500        801.5196        817.2300          2.7642        791.1389        801.2559        808.5944          2.2418          0.2637          1.6437          1.6224          0.9987     555466
      2100.0000        754.2800        792.1042        807.2500          2.7118        781.8708        791.8508        799.2842          2.1770          0.2534          1.6341          1.6143         -1.0063     560302
      2200.0000        746.5400        782.7701        797.1500          2.6732        771.5561        782.5319        789.9393          2.1324          0.2382          1.6223          1.6047          1.0118     565173
      2300.0000        736.8000        773.5451        787.1900          2.6409        761.7357        773.3082        780.5645          2.0978          0.2369          1.6108          1.5933          0.9949     567671
      2400.0000        728.2000        764.4025        777.3700          2.6226        752.4917        764.1724        771.1886          2.0786          0.2301          1.6023          1.5857         -0.9709     571403
      2500.0000        720.9700        755.3382        767.3500          2.6180        743.0286        755.1220        761.8122          2.0751          0.2161          1.5959          1.5812         -1.0051     574459
      2600.0000        711.2300        746.3763        757.9600          2.6252        733.6689        746.1676        752.6336          2.0827          0.2087          1.5919          1.5782          1.0036     576333
      2700.0000        702.8900        737.4913        748.5000          2.6469        724.0701        737.2892        743.6086          2.1089          0.2021          1.5890          1.5761          0.9792     580359
      2800.0000        696.1700        728.6941        739.4600          2.6758        714.7817        728.5043        734.3690          2.1434          0.1898          1.5859          1.5745         -1.0044     583396
      2900.0000        686.4700        719.9780        731.3400          2.7126        705.6113        719.8021        725.4377          2.1896          0.1758          1.5880          1.5782          1.1281     584695
      3000.0000        680.0400        711.3624        722.8900          2.7594        696.5435        711.1879        717.0265          2.2485          0.1745          1.5851          1.5755          1.0056     588291
      3100.0000        670.3600        702.8176        713.5400          2.8135        687.0703        702.6534        708.3658          2.3128          0.1642          1.5863          1.5777         -1.0169     590395
      3200.0000        662.4500        694.3465        706.2700          2.8807        678.2358        694.1982        699.8616          2.3851          0.1483          1.5951          1.5882         -1.0085     594086
      3300.0000        654.6100        685.9858        698.0800          2.9484        669.5013        685.8415        691.7131          2.4633          0.1443          1.5966          1.5901          1.0154     595160
      3400.0000        646.8300        677.6857        689.9800          3.0248        660.8737        677.5508        683.3199          2.5519          0.1349          1.6015          1.5958          1.0026     597858
      3500.0000        639.1400        669.4697        681.9700          3.1003        652.1929        669.3430        675.2037          2.6420          0.1266          1.6107          1.6057         -1.0231     601133
      3600.0000        631.5400        661.3466        674.0300          3.1823        643.4036        661.2253        667.0045          2.7351          0.1213          1.6109          1.6063         -0.9723     602415
      3700.0000        624.0100        653.3079        663.7000          3.2533        634.7111        653.1873        658.8436          2.8196          0.1206          1.6137          1.6092          1.0074     604300
      3800.0000        616.5500        645.3398        658.4200          3.3382        626.1369        645.2268        651.0360          2.9114          0.1130          1.6184          1.6145          0.9936     605443
      3900.0000        609.1700        637.4472        650.7300          3.4294        617.7682        637.3371        643.2515          3.0141          0.1101          1.6233          1.6195         -0.9504     608063
      4000.0000        601.3200        629.6326        643.1200          3.5224        609.5895        629.5292        635.5427          3.1089          0.1033          1.6326          1.6294         -1.0154     610511
      4100.0000        594.1000        621.8934        633.8200          3.6093        601.0994        621.7917        627.9832          3.2083          0.1017          1.6425          1.6394          1.0144     614124
      4200.0000        586.2600        614.2146        628.1300          3.7202        593.1042        614.1185        620.3724          3.3236          0.0961          1.6583          1.6555          0.9991     619891
      4300.0000        576.5100        606.6151        620.7400          3.8280        585.0677        606.5174        612.9975          3.4295          0.0976          1.6838          1.6809             NaN     625906
      4400.0000        570.0700        599.0970        613.4300          3.9317        577.0134        598.9976        605.6517          3.5404          0.0994          1.6989          1.6960         -0.9976     631664
      4500.0000        562.1100        591.6626        604.7600          4.0212        569.2685        591.5650        598.4023          3.6427          0.0976          1.7127          1.7100         -1.0270     634685
      4600.0000        552.6100        584.2921        599.0200          4.1264        561.4296        584.1949        591.2444          3.7495          0.0972          1.7277          1.7250          1.0134     639946
      4700.0000        544.8400        577.0089        591.2300          4.2192        553.7683        576.9134        584.1754          3.8476          0.0954          1.7364          1.7338          0.9779     643133
      4800.0000        537.1700        569.7811        584.9000          4.3186        546.1875        569.6880        577.1743          3.9570          0.0931          1.7545          1.7521         -0.9868     649892
      4900.0000        530.6300        562.6163        577.9400          4.4269        538.6811        562.5319        569.8508          4.0641          0.0844          1.7755          1.7735         -1.0216     659095
      5000.0000        522.1100        555.5313        571.2800          4.5286        531.2443        555.4456        563.2382          4.1718          0.0857          1.7901          1.7881          1.0094     666142
      5100.0000        514.7300        548.5266        564.7200          4.6297        523.8765        548.4404        556.3202          4.2788          0.0862          1.8066          1.8045          0.9951     673441
      5200.0000        507.4400        541.5835        558.2100          4.7342        516.5800        541.4982        549.4503          4.3904          0.0853          1.8234          1.8215         -1.0019     680894
      5300.0000        500.1200        534.7321        551.7600          4.8317        509.3483        534.6511        542.5982          4.4931          0.0810          1.8337          1.8319         -0.9984     686544
      5400.0000        492.7400        527.9671        545.3500          4.9215        502.1855        527.8843        535.6089          4.5891          0.0828          1.8401          1.8382         -1.0099     688453
      5500.0000        486.0600        521.2724        538.9900          5.0074        495.1063        521.1913        528.8679          4.6853          0.0811          1.8509          1.8491          1.0028     691325
      5600.0000        478.2500        514.6511        532.6800          5.0979        488.0794        514.5720        522.3095          4.7830          0.0792          1.8530          1.8513          0.9957     692175
      5700.0000        472.0200        508.1107        526.4300          5.1777        481.1370        508.0272        515.8431          4.8720          0.0836          1.8614          1.8595         -0.9766     691802
      5800.0000        464.1200        501.6369        520.2200          5.2644        474.2778        501.5557        509.3787          4.9577          0.0812          1.8676          1.8658         -0.9993     693003
      5900.0000        457.2100        495.2242        514.0700          5.3463        467.4957        495.1452        503.0133          5.0477          0.0790          1.8755          1.8738         -1.0180     693430
      6000.0000        451.7800        488.8777        505.6500          5.4335        460.7776        488.8001        496.7666          5.1410          0.0776          1.8814          1.8798          1.0014     693597
      6100.0000        443.6300        482.6053        501.9100          5.5191        454.1629        482.5289        490.5662          5.2211          0.0764          1.8921          1.8906          0.9950     693031
      6200.0000        436.9800        476.3974        495.9000          5.6018        447.5918        476.3200        484.4211          5.3108          0.0774          1.8960          1.8944         -0.9959     694540
      6300.0000        430.4200        470.2559        489.9400          5.6776        441.1403        470.1817        478.3624          5.3902          0.0741          1.9043          1.9029         -1.0168     694240
      6400.0000        423.9500        464.1775        484.0300          5.7604        434.7444        464.1034        472.3718          5.4761          0.0740          1.9124          1.9110          2.8815     694642
      6500.0000        417.5600        458.1641        478.1700          5.8427        428.4353        458.0879        466.4422          5.5615          0.0762          1.9194          1.9179          1.0115     695077
      6600.0000        411.2700        452.2126        472.3600          5.9279        422.1832        452.1357        460.5410          5.6506          0.0770          1.9258          1.9243          0.9655     694194
      6700.0000        407.7300        446.3152        465.0800          6.0133        415.9625        446.2400        454.7382          5.7401          0.0751          1.9364          1.9349          1.0236     694559
      6800.0000        401.6200        440.4894        460.8800          6.0905        409.8626        440.4139        448.9991          5.8191          0.0756          1.9432          1.9418         -0.9985     694373
      6900.0000        394.7900        434.7410        455.2000          6.1606        403.8568        434.6615        443.3586          5.8936          0.0795          1.9480          1.9464          0.9661     694878
      7000.0000        386.9400        429.0439        449.5800          6.2355        397.8902        428.9621        437.7731          5.9752          0.0819          1.9529          1.9512          1.0248     693929
      7100.0000        381.0700        423.3974        441.4700          6.3153        392.0024        423.3161        432.2408          6.0590          0.0813          1.9612          1.9595         -1.0188     695139
      7200.0000        377.2300        417.8103        438.4700          6.3984        386.1008        417.7283        426.6475          6.1437          0.0819          1.9698          1.9681          1.0092     694584
      7300.0000        369.5800        412.2933        431.8500          6.4687        380.2642        412.2084        421.3293          6.2189          0.0849          1.9742          1.9724         -1.0236     694073
      7400.0000        363.9600        406.8308        426.5000          6.5415        374.5760        406.7436        415.4339          6.2937          0.0871          1.9829          1.9810         -0.9955     694698
      7500.0000        358.4200        401.4359        422.1300          6.6076        368.7863        401.3476        410.0463          6.3654          0.0884          1.9873          1.9853          0.9969     694720
      7600.0000        354.8700        396.0890        416.7700          6.6796        363.1467        395.9978        405.2860          6.4422          0.0912          1.9912          1.9892         -1.2038     694576
      7700.0000        349.7700        390.8018        411.4600          6.7479        357.5723        390.7096        400.0103          6.5132          0.0922          1.9959          1.9938         -1.0019     694697
      7800.0000        344.1500        385.5721        406.1900          6.8161        352.3967        385.4771        394.4641          6.5796          0.0950          2.0020          1.9998          0.9940     694826
      7900.0000        338.8800        380.3943        400.9600          6.8855        347.0609        380.2968        389.3739          6.6507          0.0976          2.0089          2.0066         -1.4984     694986
      8000.0000        331.9200        375.2781        395.7800          6.9483        341.2131        375.1816        384.3763          6.7127          0.0965          2.0149          2.0126         -1.0030     694636
      8100.0000        326.8400        370.2173        390.6500          7.0143        336.1319        370.1160        379.2475          6.7787          0.1013          2.0181          2.0155          0.9888     694310
      8200.0000        323.5500        365.2079        385.5600          7.0719        330.5808        365.1038        374.0386          6.8429          0.1041          2.0176          2.0149          1.0072     694124
      8300.0000        316.9200        360.2576        380.4100          7.1268        325.2242        360.1497        369.1496          6.8974          0.1080          2.0222          2.0193         -1.0043     694531
      8400.0000        312.0700        355.3583        375.5100          7.1876        319.8642        355.2530        364.1818          6.9564          0.1054          2.0260          2.0232          1.0114     695027
      8500.0000        307.2800        350.5029        370.6600          7.2519        314.5881        350.3959        359.2732          7.0193          0.1070          2.0259          2.0230          0.9963     694406
      8600.0000        302.5700        345.7103        365.6400          7.3036        309.3970        345.5974        354.5687          7.0755          0.1129          2.0271          2.0240         -0.9940     694580
      8700.0000        297.9200        340.9730        361.0800          7.3538        304.2970        340.8624        349.9563          7.1212          0.1106          2.0254          2.0223         -1.0135     694087
      8800.0000        294.7000        336.2842        356.3600          7.3972        299.9427        336.1723        345.1572          7.1703          0.1119          2.0233          2.0202          0.9755     695034
      8900.0000        290.1600        331.6426        351.6700          7.4510        295.1096        331.5276        340.7553          7.2274          0.1150          2.0222          2.0190          1.0735     693961
      9000.0000        284.3900        327.0456        346.8900          7.5027        289.5551        326.9342        336.3134          7.2779          0.1113          2.0205          2.0174         -0.9994     694319
      9100.0000        280.0200        322.5194        342.4300          7.5468        284.8415        322.4081        332.2126          7.3231          0.1113          2.0147          2.0116          0.9887     695197
      9200.0000        275.7100        318.0405        337.8600          7.5720        280.2186        317.9277        328.1906          7.3569          0.1128          2.0088          2.0056          0.9821     694804
      9300.0000        272.6300        313.5933        332.5300          7.6228        276.4033        313.4841        322.8031          7.4089          0.1092          2.0021          1.9991         -0.9655     694192
      9400.0000        267.2900        309.1961        327.9600          7.6593        271.2518        309.0870        320.5008          7.4548          0.1092          1.9942          1.9912         -1.0133     694815
      9500.0000        263.1600        304.8670        324.4200          7.6865        266.8854        304.7605        316.8108          7.4872          0.1065          1.9855          1.9827          0.9793     695278
      9600.0000        259.1100        300.5804        320.0200          7.7087        262.6194        300.4742        310.1658          7.5153          0.1062          1.9737          1.9709          1.0189     694423
      9700.0000        255.1100        296.3384        315.6800          7.7364        258.4300        296.2307        309.4735          7.5475          0.1077          1.9598          1.9568         -1.0119     694879
      9800.0000        251.1800        292.1394        311.3900          7.7655        254.3250        292.0320        305.8157          7.5859          0.1073          1.9479          1.9449         -1.0126     695026
      9900.0000        248.2000        288.0011        307.1300          7.7761        250.9430        287.8932        302.1723          7.5995          0.1079          1.9313          1.9283          1.0003     694431
     10000.0000        244.3500        283.8922        302.9100          7.8048        246.6836        283.7814        298.5564          7.6328          0.1108          1.9183          1.9151         -1.2984     695176
     10100.0000        239.7400        279.8348        297.5000          7.8199        242.4515        279.7269        289.6323          7.6484          0.1079          1.9060          1.9029         -0.9741     695130
     10200.0000        236.0400        275.8345        294.6000          7.8124        238.6406        275.7206        285.6527          7.6453          0.1140          1.8904          1.8870         -1.1476     695814
     10300.0000        233.1400        271.8738        290.5300          7.8247        235.4067        271.7576        287.5898          7.6590          0.1162          1.8737          1.8701          0.9993     694520
     10400.0000        228.8100        267.9535        286.4900          7.8263        231.2391        267.8343        283.6260          7.6635          0.1192          1.8567          1.8528          0.9485     694320
     10500.0000        225.2800        264.1026        282.4200          7.8145        227.6406        263.9765        279.3702          7.6609          0.1260          1.8333          1.8290         -0.9932     695700
     10600.0000        221.8100        260.2628        278.4400          7.8114        224.1115        260.1330        274.9243          7.6667          0.1298          1.8142          1.8095         -1.0685     695848
     10700.0000        218.3800        256.4855        274.6400          7.8068        220.6499        256.3524        270.3141          7.6650          0.1331          1.7930          1.7881          0.9988     694725
     10800.0000        215.0100        252.7514        270.7600          7.7836        217.2411        252.6162        265.5442          7.6456          0.1351          1.7708          1.7656          0.9696     694688
     10900.0000        212.5000        249.0554        265.1600          7.7660        214.2457        248.9204        262.3736          7.6332          0.1350          1.7467          1.7415         -1.0064     694430
     11000.0000        208.4300        245.3934        263.1400          7.7507        210.6292        245.2610        257.0657          7.6186          0.1324          1.7244          1.7193         -1.0264     694799
     11100.0000        205.2100        241.7929        259.3800          7.7202        207.3948        241.6640        254.8806          7.5893          0.1289          1.6966          1.6917          1.0040     694881
     11200.0000        202.6900        238.2295        255.6700          7.6873        204.4118        238.1008        250.7669          7.5623          0.1287          1.6727          1.6677          0.9928     695300
     11300.0000        198.9300        234.7152        251.7100          7.6473        201.0781        234.5902        247.5017          7.5211          0.1250          1.6493          1.6446         -1.0008     695246
     11400.0000        195.8700        231.2187        248.3500          7.6168        197.7932        231.0970        244.3213          7.4951          0.1217          1.6239          1.6193         -1.0314     695264
     11500.0000        193.4100        227.7909        244.7500          7.5710        194.7725        227.6684        241.0865          7.4540          0.1224          1.6005          1.5958          0.9546     695270
     11600.0000        190.4200        224.3947        241.1900          7.5228        192.1199        224.2721        237.8558          7.4097          0.1226          1.5744          1.5696          0.9946     694496
     11700.0000        187.3700        221.0415        237.3400          7.4739        188.8712        220.9170        234.6147          7.3663          0.1245          1.5498          1.5448          0.9985     694986
     11800.0000        184.5800        217.7287        234.1800          7.4086        185.9905        217.6029        231.3828          7.3052          0.1258          1.5244          1.5192         -1.0061     694185
     11900.0000        181.2400        214.4498        230.7200          7.3535        183.0822        214.3229        224.8224          7.2520          0.1269          1.4992          1.4938          0.9592     694947
     12000.0000        178.4500        211.2099        227.3100          7.3000        180.2134        211.0812        224.8813          7.1971          0.1287          1.4728          1.4672          1.0191     695646
     12100.0000        175.7100        208.0158        223.6000          7.2371        177.3932        207.8817        218.6807          7.1343          0.1341          1.4439          1.4376          1.0054     695687
     12200.0000        173.0100        204.8682        220.5800          7.1582        174.5910        204.7333        218.3300          7.0577          0.1350          1.4137          1.4073          0.9721     695241
     12300.0000        170.3500        201.7438        217.2800          7.0909        171.8362        201.6075        212.6509          6.9913          0.1363          1.3852          1.3784         -1.0137     695025
     12400.0000        167.7400        198.6728        213.6900          7.0099        169.1071        198.5370        209.4176          6.9110          0.1357          1.3518          1.3449          1.0011     695042
     12500.0000        165.1600        195.6260        210.4600          6.9359        166.4027        195.4936        206.4312          6.8396          0.1324          1.3184          1.3117         -1.0969     694593
     12600.0000        162.6300        192.6222        207.5600          6.8576        163.7342        192.4934        204.1897          6.7660          0.1288          1.2834          1.2770          1.0157     695125
     12700.0000        160.0900        189.6539        204.4000          6.7749        161.0898        189.5296        200.5764          6.6886          0.1243          1.2518          1.2456          0.9739     695729
     12800.0000        157.5200        186.7240        201.0500          6.6857        158.4821        186.6042        197.6890          6.6068          0.1198          1.2166          1.2106         -1.0027     694480
     12900.0000        155.3600        183.8267        198.0100          6.6023        156.4143        183.7090        194.8330          6.5307          0.1177          1.1832          1.1773          0.9856     694661
     13000.0000        153.1000        180.9793        195.0100          6.5046        154.0557        180.8627        191.8235          6.4400          0.1166          1.1492          1.1433          0.9987     694855
     13100.0000        150.0600        178.1508        192.0900          6.4178        150.8485        178.0337        189.2141          6.3596          0.1171          1.1156          1.1094         -1.0170     695880
     13200.0000        147.6600        175.3677        188.4000          6.3254        148.3688        175.2502        186.4083          6.2760          0.1175          1.0829          1.0765          1.0028     695581
     13300.0000        145.2900        172.6168        185.9200          6.2228        146.4951        172.4959        183.6324          6.1805          0.1209          1.0524          1.0454          0.9629     694377
     13400.0000        142.9700        169.8982        183.2400          6.1304        144.0846        169.7749        181.2533          6.0973          0.1233          1.0242          1.0167         -0.9336     695108
     13500.0000        140.6900        167.2216        180.4800          6.0231        141.6854        167.0959        178.7125          5.9968          0.1257          0.9968          0.9888          0.9954     694997
     13600.0000        138.7700        164.5673        177.6700          5.9297        138.8837        164.4398        175.1108          5.9080          0.1275          0.9714          0.9630             NaN     695442
     13700.0000        136.2400        161.9597        174.7200          5.8253        137.0253        161.8337        172.4916          5.8089          0.1260          0.9474          0.9390         -1.0933     695084
     13800.0000        134.0700        159.3787        171.9100          5.7224        134.3640        159.2538        170.5527          5.7080          0.1248          0.9250          0.9166          0.9990     694534
     13900.0000        131.9300        156.8371        169.4300          5.6140        132.1714        156.7163        167.3074          5.5988          0.1208          0.9042          0.8961          0.7945     694882
     14000.0000        129.8300        154.3245        166.2300          5.5076        130.0327        154.2098        164.7227          5.4908          0.1147          0.8850          0.8776         -1.1908     695653
     14100.0000        128.0700        151.8444        164.0400          5.4074        128.2387        151.7352        161.9952          5.3889          0.1092          0.8659          0.8589          0.9995     695259
     14200.0000        125.7400        149.3912        161.4900          5.3014        126.1783        149.2892        159.5934          5.2811          0.1020          0.8457          0.8396             NaN     694581
     14300.0000        123.7400        146.9806        158.8900          5.1886        124.0378        146.8851        157.1375          5.1685          0.0955          0.8263          0.8207         -1.0456     695250
     14400.0000        122.0600        144.5976        156.3600          5.0859        122.1942        144.5079        154.7101          5.0707          0.0897          0.8061          0.8011          0.9934     694885
     14500.0000        120.1300        142.2365        153.8600          4.9854        120.4557        142.1537        152.4430          4.9763          0.0827          0.7861          0.7817          0.9894     694782
     14600.0000        118.8100        139.9238        151.0100          4.8738        118.8158        139.8431        149.9655          4.8704          0.0807          0.7685          0.7642         -1.0032     694945
     14700.0000        116.0800        137.6286        148.8700          4.7707        117.0022        137.5447        147.8059          4.7711          0.0839          0.7563          0.7516          0.9927     695673
     14800.0000        114.2400        135.3734        146.5500          4.6639        115.1879        135.2838        145.5111          4.6639          0.0896          0.7475          0.7421          0.9880     695405
     14900.0000        112.4300        133.1469        144.1800          4.5535        113.5020        133.0495        143.1956          4.5474          0.0974          0.7436          0.7372         -1.0596     695369
     15000.0000        110.6500        130.9475        141.8300          4.4438        111.7818        130.8466        140.9942          4.4256          0.1009          0.7473          0.7404         -1.2441     695436
