         0.0000          4.2478         28.1155         37.9191          3.5499          5.1047         28.1741         37.7012          3.5272         -0.0587          0.3533          0.3484          0.9942     217347
       100.0000          1.3439         26.4723         38.7663          4.5604          1.4479         26.5878         37.9398          4.5166         -0.1155          0.4718          0.4574          0.9949     288827
       200.0000          1.0047         25.0015         38.7854          5.4494          0.5263         25.0820         36.9002          5.4069         -0.0805          0.5368          0.5307          0.9952     325242
       300.0000          0.9195         23.6349         37.4691          5.9994          0.3890         23.7203         36.3278          5.9727         -0.0853          0.5729          0.5665          0.9955     358498
       400.0000          0.0234         22.4118         41.1860          6.2510         -0.5953         22.5364         38.2985          6.2611         -0.1246          0.5853          0.5719          0.9959     382240
       500.0000          0.6485         21.4211         38.9150          6.5001         -0.1874         21.5405         36.2285          6.5222         -0.1193          0.5762          0.5637          0.9963     405808
       600.0000          0.3902         20.3791         38.5172          6.5314         -0.2241         20.4866         36.4438          6.5465         -0.1075          0.5699          0.5597          0.9964     422354
       700.0000          0.0000         19.2490         38.9898          6.4370         -0.1711         19.3468         36.4539          6.4460         -0.0978          0.5738          0.5654          0.9960     440229
       800.0000          0.0000         18.1942         36.7221          6.3101         -0.7469         18.2873         34.6509          6.3108         -0.0931          0.5679          0.5602          0.9958     455187
       900.0000          0.0000         17.1006         35.1316          6.2581         -0.3632         17.1930         33.0217          6.2460         -0.0924          0.5591          0.5515          0.9961     468612
      1000.0000          0.0176         16.1290         33.6724          6.1720         -0.3346         16.2166         31.5891          6.1546         -0.0876          0.5394          0.5323          0.9962     479828
      1100.0000          0.0000         15.2262         34.5105          6.1188         -0.1036         15.3083         32.5921          6.0972         -0.0822          0.5290          0.5226          0.9963     494634
      1200.0000          0.0000         14.3802         34.6474          6.0346         -1.2065         14.4642         32.4643          6.0118         -0.0841          0.5156          0.5087          0.9964     505677
      1300.0000          0.0000         13.6654         31.9573          5.9175         -1.0623         13.7491         30.4834          5.8957         -0.0837          0.5018          0.4947          0.9965     515748
      1400.0000          0.0000         12.9911         30.6405          5.8238         -1.0673         13.0746         29.3567          5.8069         -0.0836          0.4838          0.4766          0.9967     524433
      1500.0000          0.0000         12.4015         29.7799          5.6982         -0.9350         12.4850         27.8976          5.6889         -0.0835          0.4649          0.4573          0.9968     531103
      1600.0000          0.0000         11.8607         31.6403          5.5736         -0.7794         11.9455         28.3816          5.5671         -0.0847          0.4516          0.4436          0.9969     536754
      1700.0000          0.0000         11.3282         29.5451          5.4280         -0.6685         11.4143         26.8000          5.4277         -0.0861          0.4382          0.4296          0.9968     542482
      1800.0000          0.0000         10.8225         27.5353          5.2830         -0.6130         10.9094         25.5025          5.2866         -0.0869          0.4253          0.4163          0.9968     546736
      1900.0000          0.0000         10.3318         26.0999          5.1507         -1.1912         10.4200         24.9983          5.1572         -0.0882          0.4109          0.4013          0.9969     552439
      2000.0000          0.0000          9.8688         26.8892          5.0164         -1.1807          9.9577         25.2802          5.0258         -0.0889          0.3980          0.3879          0.9970     555466
      2100.0000          0.0000          9.4379         24.7723          4.8817         -0.4796          9.5246         23.6118          4.8911         -0.0867          0.3889          0.3791          0.9970     560302
      2200.0000          0.0000          9.0198         24.5592          4.7466         -0.6411          9.1052         22.8444          4.7544         -0.0853          0.3781          0.3683          0.9970     565173
      2300.0000          0.0000          8.6080         23.8188          4.6066         -1.0860          8.6917         22.7597          4.6139         -0.0838          0.3669          0.3572          0.9970     567671
      2400.0000          0.0000          8.2256         22.3234          4.4761         -1.0358          8.3086         21.6405          4.4823         -0.0830          0.3549          0.3451          0.9969     571403
      2500.0000          0.0000          7.8464         21.6996          4.3505         -0.9792          7.9285         21.0904          4.3554         -0.0821          0.3435          0.3335          0.9971     574459
      2600.0000          0.0000          7.4888         20.9162          4.2221         -0.9129          7.5695         20.4118          4.2253         -0.0807          0.3320          0.3220          0.9970     576333
      2700.0000          0.0000          7.1418         20.8841          4.0892         -0.8434          7.2222         19.7563          4.0889         -0.0804          0.3271          0.3171          0.9970     580359
      2800.0000          0.0000          6.8199         20.2024          3.9626         -0.7740          6.8995         18.9189          3.9597         -0.0796          0.3189          0.3087          0.9970     583396
      2900.0000          0.0000          6.5032         18.8438          3.8390         -2.4170          6.5825         18.4065          3.8341         -0.0793          0.3115          0.3012          0.9969     584695
      3000.0000          0.0000          6.2132         18.6090          3.7211         -2.2393          6.2927         17.8969          3.7159         -0.0794          0.3002          0.2895          0.9969     588291
      3100.0000          0.0000          5.9226         18.7529          3.6102         -2.1890          6.0017         17.6027          3.6055         -0.0792          0.2922          0.2813          0.9970     590395
      3200.0000          0.0000          5.6470         17.6847          3.4951         -2.2307          5.7258         17.0819          3.4901         -0.0788          0.2860          0.2750          0.9969     594086
      3300.0000          0.0000          5.3875         16.9653          3.3776         -2.1165          5.4668         16.4603          3.3733         -0.0793          0.2782          0.2666          0.9968     595160
      3400.0000          0.0000          5.1366         15.9640          3.2644         -2.0029          5.2160         15.4492          3.2603         -0.0794          0.2746          0.2629          0.9967     597858
      3500.0000          0.0000          4.9077         16.8117          3.1616         -1.8671          4.9866         15.7188          3.1588         -0.0789          0.2686          0.2567          0.9967     601133
      3600.0000          0.0000          4.6857         16.2383          3.0616         -1.8456          4.7645         15.7356          3.0607         -0.0788          0.2620          0.2499          0.9966     602415
      3700.0000          0.0000          4.4781         14.2515          2.9648         -1.7720          4.5566         14.1789          2.9668         -0.0785          0.2530          0.2405          0.9966     604300
      3800.0000          0.0000          4.2823         13.9064          2.8716         -1.6985          4.3600         13.5829          2.8755         -0.0777          0.2490          0.2366          0.9966     605443
      3900.0000          0.0000          4.0887         16.0280          2.7786         -1.6240          4.1659         14.4132          2.7839         -0.0772          0.2454          0.2329          0.9965     608063
      4000.0000          0.0000          3.9120         14.8091          2.6914         -1.3844          3.9887         14.2232          2.6976         -0.0768          0.2425          0.2300          0.9963     610511
      4100.0000          0.0000          3.7419         16.4156          2.6118         -1.4746          3.8173         15.2231          2.6181         -0.0753          0.2404          0.2283          0.9962     614124
      4200.0000          0.0000          3.5829         15.2447          2.5361         -1.2873          3.6572         14.2669          2.5418         -0.0743          0.2394          0.2275          0.9959     619891
      4300.0000          0.0000          3.4189         13.2894          2.4598         -1.3411          3.4924         12.6525          2.4665         -0.0735          0.2362          0.2244          0.9958     625906
      4400.0000          0.0000          3.2733         14.0473          2.3881         -1.2818          3.3453         12.9001          2.3946         -0.0720          0.2355          0.2242          0.9956     631664
      4500.0000          0.0000          3.1301         13.2119          2.3168         -1.2235          3.1996         12.1500          2.3217         -0.0695          0.2330          0.2224          0.9954     634685
      4600.0000          0.0000          3.0010         13.0275          2.2509         -1.1508          3.0676         12.6759          2.2518         -0.0665          0.2344          0.2248          0.9950     639946
      4700.0000          0.0000          2.8730         13.5826          2.1867         -1.0889          2.9375         13.0327          2.1853         -0.0646          0.2316          0.2224          0.9947     643133
      4800.0000          0.0000          2.7474         13.4825          2.1239         -1.0244          2.8096         12.2208          2.1206         -0.0622          0.2286          0.2200          0.9945     649892
      4900.0000          0.0000          2.6284         12.1538          2.0664         -0.9655          2.6868         11.8264          2.0605         -0.0584          0.2260          0.2183          0.9942     659095
      5000.0000          0.0000          2.5140         11.0003          2.0073         -0.8070          2.5710         10.5675          2.0017         -0.0570          0.2205          0.2130          0.9942     666142
      5100.0000          0.0000          2.3982         11.0302          1.9421         -0.8340          2.4554         10.1348          1.9370         -0.0572          0.2197          0.2121          0.9939     673441
      5200.0000          0.0000          2.2877         10.9555          1.8792         -0.7092          2.3439         10.0482          1.8733         -0.0562          0.2194          0.2120          0.9935     680894
      5300.0000          0.0000          2.1819         10.8454          1.8104         -0.7188          2.2383          9.6328          1.8049         -0.0564          0.2150          0.2075          0.9933     686544
      5400.0000          0.0000          2.0811         11.4294          1.7448         -0.6658          2.1377         10.2325          1.7400         -0.0566          0.2109          0.2032          0.9930     688453
      5500.0000          0.0000          1.9813         10.0177          1.6787         -0.6155          2.0385          9.0712          1.6753         -0.0573          0.2035          0.1952          0.9931     691325
      5600.0000          0.0000          1.8866         10.0174          1.6160         -0.5639          1.9443          9.1355          1.6140         -0.0577          0.1950          0.1863          0.9932     692175
      5700.0000          0.0000          1.7962          8.7104          1.5552         -0.5203          1.8541          8.1278          1.5547         -0.0579          0.1873          0.1782          0.9933     691802
      5800.0000          0.0000          1.7070          7.6647          1.4957         -0.4706          1.7655          7.3992          1.4957         -0.0585          0.1811          0.1714          0.9933     693003
      5900.0000          0.0000          1.6219          7.1137          1.4345         -0.8861          1.6804          7.0163          1.4347         -0.0585          0.1764          0.1664          0.9931     693430
      6000.0000          0.0000          1.5432          6.4754          1.3738         -0.5073          1.6008          6.6683          1.3735         -0.0576          0.1718          0.1619          0.9929     693597
      6100.0000          0.0000          1.4659          6.2656          1.3134         -1.1521          1.5226          6.4063          1.3123         -0.0567          0.1673          0.1574          0.9926     693031
      6200.0000          0.0000          1.3905          6.0506          1.2550         -1.0496          1.4462          6.1800          1.2528         -0.0557          0.1629          0.1531          0.9924     694540
      6300.0000          0.0000          1.3197          5.8201          1.1992         -0.9130          1.3739          5.9717          1.1961         -0.0542          0.1591          0.1495          0.9921     694240
      6400.0000          0.0000          1.2536          5.5826          1.1468         -0.4929          1.3060          5.7731          1.1428         -0.0524          0.1551          0.1460          0.9917     694642
      6500.0000          0.0000          1.1887          5.3817          1.0958         -0.6481          1.2397          5.5895          1.0912         -0.0510          0.1514          0.1426          0.9913     695077
      6600.0000          0.0000          1.1256          5.2422          1.0456         -0.5428          1.1748          5.4236          1.0410         -0.0493          0.1477          0.1392          0.9910     694194
      6700.0000          0.0000          1.0656          5.1327          0.9978         -0.4789          1.1132          5.2625          0.9934         -0.0476          0.1438          0.1357          0.9905     694559
      6800.0000          0.0000          1.0080          4.8876          0.9495         -0.3929          1.0540          5.0974          0.9453         -0.0460          0.1397          0.1319          0.9901     694373
      6900.0000          0.0000          0.9541          4.6892          0.9018         -0.3142          0.9984          4.9087          0.8984         -0.0443          0.1361          0.1286          0.9896     694878
      7000.0000          0.0000          0.9031          4.3757          0.8576         -0.3113          0.9466          4.3973          0.8550         -0.0435          0.1327          0.1254          0.9892     693929
      7100.0000          0.0000          0.8526          4.3804          0.8145         -0.3056          0.8953          4.5519          0.8130         -0.0426          0.1300          0.1228          0.9885     695139
      7200.0000          0.0000          0.8044          4.1249          0.7729         -0.3075          0.8465          4.3773          0.7724         -0.0421          0.1272          0.1201          0.9878     694584
      7300.0000          0.0000          0.7576          4.0174          0.7329         -0.3109          0.7996          4.2138          0.7334         -0.0420          0.1247          0.1174          0.9871     694073
      7400.0000          0.0000          0.7152          3.8430          0.6957         -0.2779          0.7571          3.8240          0.6970         -0.0419          0.1224          0.1150          0.9863     694698
      7500.0000          0.0000          0.6738          3.6690          0.6600         -0.2840          0.7158          3.8841          0.6620         -0.0420          0.1204          0.1128          0.9854     694720
      7600.0000          0.0000          0.6347          3.4490          0.6255         -0.2901          0.6764          3.7244          0.6279         -0.0417          0.1182          0.1106          0.9844     694576
      7700.0000          0.0000          0.5967          3.3388          0.5897         -0.2718          0.6380          3.5739          0.5921         -0.0412          0.1156          0.1080          0.9834     694697
      7800.0000          0.0000          0.5613          3.1796          0.5561         -0.2946          0.6019          3.4419          0.5584         -0.0405          0.1129          0.1054          0.9822     694826
      7900.0000          0.0000          0.5271          3.0575          0.5238         -0.2662          0.5668          3.3095          0.5261         -0.0397          0.1107          0.1033          0.9807     694986
      8000.0000          0.0000          0.4949          2.8695          0.4935         -0.2680          0.5336          2.8710          0.4956         -0.0388          0.1081          0.1010          0.9793     694636
      8100.0000          0.0000          0.4646          2.8204          0.4645         -0.2833          0.5022          3.0550          0.4665         -0.0377          0.1058          0.0989          0.9777     694310
      8200.0000          0.0000          0.4354          2.7045          0.4373         -0.2749          0.4717          2.9329          0.4396         -0.0363          0.1034          0.0969          0.9759     694124
      8300.0000          0.0000          0.4075          2.5907          0.4109         -0.2867          0.4426          2.9001          0.4133         -0.0351          0.1013          0.0950          0.9739     694531
      8400.0000          0.0000          0.3818          2.4772          0.3866         -0.3028          0.4155          2.7420          0.3892         -0.0336          0.0992          0.0934          0.9715     695027
      8500.0000          0.0000          0.3573          2.3684          0.3634         -0.3160          0.3893          2.5736          0.3663         -0.0321          0.0969          0.0914          0.9691     694406
      8600.0000          0.0000          0.3341          2.2578          0.3411         -0.3252          0.3648          2.7143          0.3441         -0.0308          0.0946          0.0895          0.9665     694580
      8700.0000          0.0000          0.3123          2.1419          0.3191         -0.3301          0.3415          2.3275          0.3222         -0.0293          0.0918          0.0870          0.9638     694087
      8800.0000          0.0000          0.2922          1.8327          0.2987         -0.3289          0.3204          2.9214          0.3019         -0.0281          0.0891          0.0846          0.9610     695034
      8900.0000          0.0000          0.2732          1.8495          0.2792         -0.2750          0.3001          2.9927          0.2825         -0.0269          0.0865          0.0822          0.9579     693961
      9000.0000          0.0000          0.2550          1.7323          0.2611         -0.2846          0.2811          3.1485          0.2643         -0.0261          0.0842          0.0800          0.9543     694319
      9100.0000          0.0000          0.2383          1.6405          0.2438         -0.2664          0.2639          1.7367          0.2471         -0.0256          0.0822          0.0781          0.9501     695197
      9200.0000          0.0000          0.2224          1.4482          0.2278         -0.2550          0.2478          3.2413          0.2314         -0.0253          0.0806          0.0765          0.9451     694804
      9300.0000          0.0000          0.2074          1.4665          0.2127         -0.2678          0.2326          3.2492          0.2166         -0.0252          0.0793          0.0752          0.9393     694192
      9400.0000          0.0000          0.1932          1.3840          0.1984         -0.2890          0.2184          3.1613          0.2028         -0.0252          0.0784          0.0743          0.9322     694815
      9500.0000          0.0000          0.1801          1.3043          0.1852         -0.3044          0.2054          3.0489          0.1900         -0.0253          0.0776          0.0733          0.9244     695278
      9600.0000          0.0000          0.1677          1.1673          0.1727         -0.3163          0.1933          2.9205          0.1781         -0.0256          0.0769          0.0725          0.9154     694423
      9700.0000          0.0000          0.1561          1.1529          0.1608         -0.3359          0.1820          2.7695          0.1668         -0.0259          0.0761          0.0716          0.9056     694879
      9800.0000          0.0000          0.1454          1.0820          0.1495         -0.3907          0.1714          2.6154          0.1563         -0.0260          0.0751          0.0704          0.8953     695026
      9900.0000          0.0000          0.1353          1.0210          0.1384         -0.3700          0.1612          2.4659          0.1461         -0.0259          0.0736          0.0689          0.8844     694431
     10000.0000          0.0000          0.1257          0.9661          0.1282         -0.3828          0.1515          1.1922          0.1367         -0.0258          0.0722          0.0674          0.8727     695176
     10100.0000          0.0000          0.1166          0.9130          0.1185         -0.3924          0.1423          1.0480          0.1279         -0.0257          0.0707          0.0659          0.8602     695130
     10200.0000          0.0000          0.1082          0.7687          0.1096         -0.4160          0.1336          1.1103          0.1199         -0.0254          0.0691          0.0643          0.8473     695814
     10300.0000          0.0000          0.1004          0.8118          0.1014         -0.4932          0.1254          1.0850          0.1130         -0.0250          0.0677          0.0629          0.8339     694520
     10400.0000          0.0000          0.0929          0.7636          0.0936         -0.5121          0.1177          1.6894          0.1066         -0.0247          0.0664          0.0616          0.8193     694320
     10500.0000          0.0000          0.0863          0.7175          0.0866         -0.5296          0.1107          1.5125          0.1011         -0.0244          0.0652          0.0604          0.8043     695700
     10600.0000          0.0000          0.0797          0.6758          0.0799         -0.5436          0.1038          1.3438          0.0961         -0.0241          0.0641          0.0594          0.7885     695848
     10700.0000          0.0000          0.0737          0.5417          0.0738         -0.5521          0.0977          1.0771          0.0918         -0.0241          0.0633          0.0585          0.7718     694725
     10800.0000          0.0000          0.0681          0.5987          0.0681         -0.5240          0.0920          1.0752          0.0882         -0.0240          0.0626          0.0579          0.7555     694688
     10900.0000          0.0000          0.0628          0.4763          0.0628         -0.4959          0.0868          0.8919          0.0849         -0.0241          0.0622          0.0573          0.7381     694430
     11000.0000          0.0000          0.0578          0.4431          0.0579         -0.5447          0.0820          1.0693          0.0820         -0.0242          0.0618          0.0569          0.7208     694799
     11100.0000          0.0000          0.0532          0.4130          0.0530         -0.5691          0.0777          0.8165          0.0793         -0.0245          0.0615          0.0564          0.7043     694881
     11200.0000          0.0000          0.0490          0.4633          0.0485         -0.5780          0.0737          1.0306          0.0768         -0.0248          0.0611          0.0559          0.6891     695300
     11300.0000          0.0000          0.0450          0.4337          0.0443         -0.5226          0.0701          1.0031          0.0744         -0.0251          0.0608          0.0554          0.6727     695246
     11400.0000          0.0000          0.0413          0.4055          0.0404         -0.5881          0.0665          0.9464          0.0722         -0.0252          0.0603          0.0548          0.6581     695264
     11500.0000          0.0000          0.0379          0.3789          0.0369         -0.5876          0.0632          0.8746          0.0700         -0.0253          0.0599          0.0543          0.6414     695270
     11600.0000          0.0000          0.0347          0.2793          0.0336         -0.5857          0.0599          0.7975          0.0678         -0.0252          0.0593          0.0537          0.6241     694496
     11700.0000          0.0000          0.0318          0.3283          0.0307         -0.5817          0.0567          0.6818          0.0656         -0.0249          0.0585          0.0530          0.6059     694986
     11800.0000          0.0000          0.0290          0.3052          0.0279         -0.5839          0.0534          0.6551          0.0635         -0.0244          0.0577          0.0523          0.5851     694185
     11900.0000          0.0000          0.0265          0.2159          0.0254         -0.5828          0.0503          0.6024          0.0614         -0.0238          0.0568          0.0516          0.5627     694947
     12000.0000          0.0000          0.0242          0.2625          0.0231         -0.5809          0.0473          0.5763          0.0594         -0.0231          0.0558          0.0508          0.5383     695646
     12100.0000          0.0000          0.0220          0.2442          0.0210         -0.5771          0.0444          0.5508          0.0574         -0.0223          0.0549          0.0501          0.5099     695687
     12200.0000          0.0000          0.0201          0.1656          0.0191         -0.5274          0.0417          0.5260          0.0556         -0.0216          0.0539          0.0494          0.4789     695241
     12300.0000          0.0000          0.0183          0.1519          0.0174         -0.5346          0.0392          0.5004          0.0539         -0.0209          0.0530          0.0487          0.4455     695025
     12400.0000          0.0000          0.0166          0.1411          0.0158         -0.5553          0.0370          0.4760          0.0524         -0.0203          0.0523          0.0482          0.4087     695042
     12500.0000          0.0000          0.0151          0.1747          0.0143         -0.5469          0.0351          0.4700          0.0509         -0.0201          0.0516          0.0475          0.3694     694593
     12600.0000          0.0000          0.0137          0.1203          0.0129         -0.5012          0.0338          0.4753          0.0498         -0.0201          0.0512          0.0471          0.3332     695125
     12700.0000          0.0000          0.0124          0.1455          0.0116         -0.5269          0.0327          0.4727          0.0486         -0.0203          0.0508          0.0465          0.2968     695729
     12800.0000          0.0000          0.0112          0.1005          0.0104         -0.5172          0.0318          0.4885          0.0476         -0.0207          0.0505          0.0461          0.2597     694480
     12900.0000          0.0000          0.0101          0.0909          0.0093         -0.5049          0.0312          0.4888          0.0467         -0.0211          0.0502          0.0456          0.2245     694661
     13000.0000          0.0000          0.0091          0.0819          0.0083         -0.4942          0.0306          0.5163          0.0460         -0.0215          0.0500          0.0451          0.1907     694855
     13100.0000          0.0000          0.0082          0.0957          0.0074         -0.4826          0.0302          0.4999          0.0452         -0.0221          0.0498          0.0446          0.1573     695880
     13200.0000          0.0000          0.0074          0.0845          0.0067         -0.4704          0.0298          0.5363          0.0447         -0.0224          0.0497          0.0443          0.1284     695581
     13300.0000          0.0000          0.0067          0.0745          0.0060         -0.4561          0.0294          0.5429          0.0443         -0.0228          0.0496          0.0441          0.1023     694377
     13400.0000          0.0000          0.0060          0.0670          0.0054         -0.4463          0.0289          0.5474          0.0439         -0.0229          0.0494          0.0438          0.0793     695108
     13500.0000          0.0000          0.0054          0.0601          0.0048         -0.4386          0.0283          0.4765          0.0437         -0.0229          0.0493          0.0437          0.0584     694997
     13600.0000          0.0000          0.0049          0.0453          0.0043         -0.4846          0.0275          0.5495          0.0436         -0.0226          0.0492          0.0436          0.0417     695442
     13700.0000          0.0000          0.0044          0.0466          0.0039         -0.4022          0.0266          0.5458          0.0437         -0.0222          0.0490          0.0437          0.0294     695084
     13800.0000          0.0000          0.0039          0.0410          0.0035         -0.5220          0.0255          0.5398          0.0439         -0.0216          0.0489          0.0439          0.0216     694534
     13900.0000          0.0000          0.0035          0.0318          0.0031         -0.5395          0.0243          0.5316          0.0442         -0.0208          0.0489          0.0443          0.0178     694882
     14000.0000          0.0000          0.0032          0.0329          0.0028         -0.5577          0.0231          0.4906          0.0446         -0.0199          0.0489          0.0446          0.0182     695653
     14100.0000          0.0000          0.0029          0.0277          0.0025         -0.4806          0.0220          0.5090          0.0451         -0.0191          0.0490          0.0452          0.0214     695259
     14200.0000          0.0000          0.0026          0.0241          0.0023         -0.5910          0.0210          0.4938          0.0458         -0.0184          0.0494          0.0458          0.0321     694581
     14300.0000          0.0000          0.0023          0.0214          0.0021         -0.6072          0.0202          0.4783          0.0467         -0.0179          0.0499          0.0466          0.0459     695250
     14400.0000          0.0000          0.0021          0.0188          0.0019         -0.6208          0.0199          0.4603          0.0478         -0.0178          0.0509          0.0477          0.0637     694885
     14500.0000          0.0000          0.0019          0.0145          0.0017         -0.6341          0.0201          0.4427          0.0493         -0.0182          0.0525          0.0492          0.0787     694782
     14600.0000          0.0000          0.0017          0.0141          0.0015         -0.6461          0.0207          0.4245          0.0511         -0.0190          0.0545          0.0510          0.0935     694945
     14700.0000          0.0000          0.0016          0.0118          0.0014         -0.5116          0.0217          0.4102          0.0534         -0.0201          0.0570          0.0533          0.1081     695673
     14800.0000          0.0000          0.0015          0.0095          0.0013         -0.6630          0.0233          0.4119          0.0562         -0.0218          0.0602          0.0561          0.1166     695405
     14900.0000          0.0000          0.0013          0.0091          0.0012         -0.5313          0.0254          0.4186          0.0593         -0.0241          0.0639          0.0592          0.1192     695369
     15000.0000          0.0000          0.0012          0.0090          0.0011         -0.6721          0.0280          0.4390          0.0627         -0.0268          0.0681          0.0626          0.1081     695436
