         0.0000        275.3000        300.2949        310.8200          1.5238        274.2329        300.3177        309.6249          1.4684         -0.0228          0.8409          0.8406          0.9660     217347
       100.0000        264.4800        299.6419        320.2200          2.4557        267.8821        299.5211        316.7703          2.1749          0.1208          1.1675          1.1612          1.8767     288827
       200.0000        260.0900        298.7583        320.4600          3.4714        265.5668        298.6050        316.8521          3.0597          0.1533          1.4481          1.4399          1.0394     325242
       300.0000        259.2600        297.8995        321.0200          4.0412        265.1423        297.7928        316.0347          3.6158          0.1067          1.6201          1.6165          0.9695     358498
       400.0000        259.2000        297.1609        319.4100          4.1583        264.6691        297.1801        315.4344          3.7839         -0.0192          1.6913          1.6912          0.9551     382240
       500.0000        259.6400        296.5738        321.4300          4.2856        264.5880        296.5688        315.0392          3.9534          0.0050          1.7234          1.7234          1.0117     405808
       600.0000        258.9400        296.0449        320.9400          4.3382        264.3852        296.0008        314.1167          4.0026          0.0441          1.7647          1.7642          1.1284     422354
       700.0000        258.6500        295.5175        319.4500          4.4835        263.3899        295.4486        313.4595          4.1062          0.0689          1.8382          1.8369         -1.0145     440229
       800.0000        257.8800        295.0200        317.7500          4.5470        262.3170        294.9445        312.9384          4.1671          0.0754          1.8726          1.8711         -1.0247     455187
       900.0000        256.4700        294.5038        318.4800          4.7007        262.5679        294.4414        311.9096          4.3045          0.0624          1.8987          1.8977         -1.0365     468612
      1000.0000        255.8200        294.0012        316.8600          4.7660        261.1436        293.9317        311.0322          4.3907          0.0695          1.8799          1.8786         -1.0304     479828
      1100.0000        255.6900        293.4447        316.0500          4.9434        258.8069        293.3600        311.6494          4.5623          0.0848          1.9044          1.9025         -1.0183     494634
      1200.0000        249.6700        292.8501        315.1600          5.1196        254.7382        292.7737        310.9493          4.7315          0.0764          1.9090          1.9075         -0.9956     505677
      1300.0000        248.7000        292.3088        313.3300          5.1857        254.5962        292.2323        309.2899          4.7924          0.0765          1.9053          1.9038          1.0379     515748
      1400.0000        249.2500        291.7340        311.4900          5.2709        255.2446        291.6558        308.5604          4.8944          0.0782          1.8832          1.8816          1.0075     524433
      1500.0000        246.6500        291.2000        313.0000          5.2328        254.1730        291.1152        307.8448          4.8786          0.0847          1.8566          1.8547          1.0027     531103
      1600.0000        245.8700        290.6505        312.5000          5.2269        253.9870        290.5675        306.9679          4.8733          0.0830          1.8452          1.8434          1.0073     536754
      1700.0000        245.2700        290.0844        310.6400          5.2261        253.8126        290.0016        312.2131          4.8905          0.0828          1.8323          1.8304          1.0080     542482
      1800.0000        244.7900        289.5242        310.7400          5.1933        253.6352        289.4451        308.2425          4.8659          0.0790          1.8205          1.8188          1.0001     546736
      1900.0000        245.1500        288.9546        309.9200          5.2076        254.6043        288.8885        304.2234          4.8825          0.0661          1.7992          1.7980          0.9965     552439
      2000.0000        244.0300        288.3795        309.0800          5.2067        253.2090        288.3212        303.3386          4.8912          0.0583          1.7818          1.7809          0.9968     555466
      2100.0000        243.7000        287.8121        308.5300          5.1909        252.9569        287.7545        302.3943          4.8916          0.0576          1.7796          1.7787          0.9866     560302
      2200.0000        243.3400        287.2368        309.3000          5.1816        252.6683        287.1869        303.0500          4.8858          0.0499          1.7725          1.7718          0.7575     565173
      2300.0000        243.0000        286.6711        308.1600          5.1733        252.3734        286.6244        302.6263          4.8826          0.0467          1.7627          1.7621         -1.0633     567671
      2400.0000        243.6900        286.1015        305.5800          5.1521        253.2832        286.0626        299.6285          4.8726          0.0389          1.7440          1.7436         -1.0382     571403
      2500.0000        243.1700        285.5066        303.8300          5.1593        252.8750        285.4763        298.8538          4.8979          0.0303          1.7265          1.7263         -1.0215     574459
      2600.0000        242.6800        284.9484        302.8200          5.1258        252.4671        284.9199        297.7262          4.8825          0.0285          1.7103          1.7100         -1.0127     576333
      2700.0000        241.9100        284.3576        303.4100          5.1587        251.2173        284.3350        299.3419          4.9055          0.0226          1.7201          1.7200         -0.9976     580359
      2800.0000        242.7800        283.7825        301.6600          5.1559        251.6751        283.7625        305.8528          4.9055          0.0201          1.7123          1.7122         -0.9856     583396
      2900.0000        241.4000        283.1958        317.5800          5.1699        250.7337        283.1779        323.4379          4.9167          0.0179          1.7098          1.7097         -0.9834     584695
      3000.0000        241.1300        282.6157        321.6500          5.1659        250.5071        282.5955        311.0070          4.9269          0.0202          1.6823          1.6822         -0.9793     588291
      3100.0000        240.8200        282.0301        320.2800          5.1739        250.2747        282.0074        323.3029          4.9404          0.0227          1.6730          1.6729         -0.9472     590395
      3200.0000        235.9900        281.4283        318.7100          5.2038        250.0131        281.4047        308.1642          4.9648          0.0235          1.6697          1.6695         -0.9784     594086
      3300.0000        240.1000        280.8416        310.3600          5.2011        249.7287        280.8167        319.6983          4.9670          0.0249          1.6564          1.6562         -1.0255     595160
      3400.0000        239.0900        280.2326        315.8200          5.2458        249.4153        280.2076        305.5212          4.9992          0.0250          1.6621          1.6620         -1.0265     597858
      3500.0000        239.8000        279.6309        306.3400          5.2594        249.2908        279.6035        315.8991          5.0160          0.0274          1.6570          1.6567         -1.0219     601133
      3600.0000        238.7800        279.0337        313.2800          5.2698        248.6785        279.0063        313.9403          5.0308          0.0274          1.6453          1.6451         -1.0284     602415
      3700.0000        238.8900        278.4453        312.1200          5.2537        248.5462        278.4182        312.0214          5.0325          0.0271          1.6242          1.6239         -1.0650     604300
      3800.0000        237.7300        277.8424        310.9700          5.2684        247.8024        277.8188        301.2398          5.0455          0.0236          1.6316          1.6314         -1.2454     605443
      3900.0000        238.2000        277.2268        309.8100          5.3077        248.3328        277.2087        308.2411          5.0824          0.0182          1.6374          1.6373          0.9582     608063
      4000.0000        236.6200        276.6115        301.1700          5.3415        246.8135        276.6035        293.2591          5.1095          0.0080          1.6481          1.6481          1.0038     610511
      4100.0000        237.0100        276.0009        307.4200          5.3814        246.8783        275.9970        304.2870          5.1476          0.0039          1.6618          1.6618          1.0130     614124
      4200.0000        235.5600        275.3598        300.3800          5.4598        245.7537        275.3654        302.2499          5.2170         -0.0056          1.6776          1.6776          1.0066     619891
      4300.0000        235.0400        274.7236        298.3200          5.5179        245.1845        274.7391        291.5048          5.2799         -0.0154          1.6813          1.6812          1.0085     625906
      4400.0000        234.1200        274.1097        303.5700          5.5783        244.6012        274.1299        294.5316          5.3381         -0.0201          1.7040          1.7038          1.0107     631664
      4500.0000        229.0900        273.5037        302.2100          5.6337        244.9937        273.5252        295.8182          5.3902         -0.0215          1.7261          1.7260          1.0087     634685
      4600.0000        229.4300        272.8994        300.8700          5.7086        243.3828        272.9193        300.0656          5.4520         -0.0199          1.7652          1.7651          0.9986     639946
      4700.0000        221.6800        272.3096        299.4600          5.7676        242.7312        272.3319        296.6994          5.5057         -0.0223          1.7812          1.7810          0.9960     643133
      4800.0000        219.8400        271.7042        298.0300          5.8402        242.8949        271.7241        295.4994          5.5748         -0.0199          1.7898          1.7897          0.9919     649892
      4900.0000        223.5900        271.1277        296.7000          5.8984        241.3755        271.1342        292.7383          5.6360         -0.0064          1.7995          1.7995          0.9798     659095
      5000.0000        225.7000        270.5324        295.4500          5.9702        240.6833        270.5351        287.7353          5.7104         -0.0027          1.7991          1.7991          0.9465     666142
      5100.0000        224.6600        269.9269        301.2300          6.0636        239.9963        269.9368        296.0346          5.7939         -0.0098          1.8303          1.8303          0.8709     673441
      5200.0000        223.4100        269.3234        299.3800          6.1613        239.7272        269.3287        294.7527          5.8809         -0.0053          1.8690          1.8689          0.0400     680894
      5300.0000        221.2400        268.7266        297.5100          6.2329        238.5722        268.7349        293.4382          5.9562         -0.0083          1.8815          1.8814         -1.1231     686544
      5400.0000        222.2000        268.1374        290.9200          6.2983        237.8592        268.1440        290.9596          6.0260         -0.0067          1.8903          1.8903         -1.0007     688453
      5500.0000        231.3500        267.5428        294.0000          6.3479        238.2762        267.5510        293.1821          6.0988         -0.0082          1.8737          1.8737         -0.9741     691325
      5600.0000        228.5300        266.9560        288.5300          6.3930        236.4553        266.9634        290.0313          6.1707         -0.0074          1.8472          1.8472         -0.9720     692175
      5700.0000        228.6200        266.3759        291.1600          6.4334        236.7144        266.3783        288.2167          6.2363         -0.0024          1.8278          1.8278         -0.9771     691802
      5800.0000        227.6800        265.7844        286.4000          6.4937        234.9363        265.7913        279.3594          6.3034         -0.0069          1.8166          1.8165         -0.9706     693003
      5900.0000        227.2700        265.1850        288.8300          6.5589        234.1684        265.1925        285.8870          6.3731         -0.0075          1.8150          1.8150         -0.9822     693430
      6000.0000        228.6200        264.5802        287.7100          6.6281        234.4257        264.5827        284.7171          6.4511         -0.0024          1.8147          1.8147         -1.0031     693597
      6100.0000        226.0500        263.9760        287.1600          6.6950        233.3164        263.9769        277.1928          6.5149         -0.0008          1.8159          1.8159         -1.0144     693031
      6200.0000        226.1000        263.3639        285.6100          6.7680        231.9286        263.3648        282.3126          6.5895         -0.0009          1.8134          1.8134         -1.0056     694540
      6300.0000        225.7300        262.7521        284.2400          6.8342        231.1999        262.7525        281.0587          6.6554         -0.0005          1.8167          1.8167         -1.0189     694240
      6400.0000        225.0600        262.1418        283.0700          6.9137        230.4918        262.1401        279.7992          6.7349          0.0017          1.8194          1.8193         -1.0268     694642
      6500.0000        223.4900        261.5158        281.8900          6.9868        229.8228        261.5156        278.4745          6.8081          0.0002          1.8230          1.8230         -1.0375     695077
      6600.0000        220.8100        260.8881        281.1000          7.0661        229.1561        260.8868        277.1039          6.8935          0.0013          1.8241          1.8241         -1.0674     694194
      6700.0000        218.0800        260.2543        279.3500          7.1420        228.5207        260.2519        275.6426          6.9750          0.0024          1.8267          1.8267          0.9621     694559
      6800.0000        223.0400        259.6229        279.2400          7.2126        227.9053        259.6173        273.4701          7.0492          0.0056          1.8282          1.8282          1.0113     694373
      6900.0000        222.6300        259.0058        278.1500          7.2724        227.3332        258.9922        273.3120          7.1172          0.0135          1.8298          1.8298          1.0069     694878
      7000.0000        222.2700        258.3749        277.0500          7.3371        227.5876        258.3594        272.6116          7.1901          0.0155          1.8301          1.8300          1.0114     693929
      7100.0000        212.7600        257.7324        273.3500          7.4040        226.3262        257.7145        271.9885          7.2640          0.0179          1.8379          1.8378          1.0101     695139
      7200.0000        220.8400        257.0813        273.3400          7.4803        226.3310        257.0627        271.6233          7.3442          0.0186          1.8419          1.8418          1.0068     694584
      7300.0000        217.9000        256.4343        273.6900          7.5404        225.4758        256.4173        270.9776          7.4106          0.0170          1.8467          1.8467          0.9977     694073
      7400.0000        216.5200        255.7803        272.5900          7.6038        224.8893        255.7635        270.3456          7.4806          0.0168          1.8516          1.8515          0.9935     694698
      7500.0000        215.2500        255.1374        271.5900          7.6584        223.8180        255.1251        269.4744          7.5395          0.0124          1.8574          1.8574          0.9935     694720
      7600.0000        214.8400        254.4778        271.0600          7.7187        223.6564        254.4648        268.6296          7.6057          0.0130          1.8603          1.8602          0.9902     694576
      7700.0000        214.9800        253.8137        270.5200          7.7710        222.6035        253.7997        267.5849          7.6592          0.0140          1.8614          1.8613          0.9790     694697
      7800.0000        213.9700        253.1476        269.9500          7.8202        220.8424        253.1304        266.9233          7.7050          0.0172          1.8648          1.8647          0.9707     694826
      7900.0000        211.5300        252.4752        269.3400          7.8722        220.0513        252.4555        266.6676          7.7542          0.0196          1.8707          1.8706          0.9671     694986
      8000.0000        209.4600        251.8063        267.4100          7.9125        219.3188        251.7870        266.2364          7.7891          0.0193          1.8734          1.8733          0.9773     694636
      8100.0000        209.8700        251.1310        268.1000          7.9547        219.6466        251.1087        265.3775          7.8258          0.0223          1.8761          1.8760          1.0115     694310
      8200.0000        204.8500        250.4483        266.0000          7.9919        218.2126        250.4241        264.7714          7.8611          0.0242          1.8752          1.8751         -1.0191     694124
      8300.0000        203.0400        249.7630        266.7300          8.0244        217.6732        249.7385        264.1153          7.8889          0.0245          1.8786          1.8785         -1.0097     694531
      8400.0000        201.1900        249.0800        266.0200          8.0582        217.2147        249.0583        263.4018          7.9168          0.0217          1.8833          1.8832         -1.0230     695027
      8500.0000        199.8600        248.3835        265.2800          8.0912        216.6915        248.3606        262.6581          7.9460          0.0229          1.8843          1.8841         -1.0167     694406
      8600.0000        205.7700        247.6887        264.5200          8.1108        216.0080        247.6649        261.8603          7.9665          0.0239          1.8860          1.8859         -1.0050     694580
      8700.0000        197.4200        246.9997        263.6900          8.1159        215.3440        246.9757        260.9918          7.9683          0.0240          1.8838          1.8836         -1.0222     694087
      8800.0000        196.3800        246.3013        261.1400          8.1212        214.7301        246.2763        260.0590          7.9756          0.0249          1.8825          1.8823         -1.0193     695034
      8900.0000        195.4100        245.5977        266.2700          8.1305        214.2845        245.5669        259.5854          7.9877          0.0308          1.8809          1.8807         -1.0355     693961
      9000.0000        194.4400        244.8838        261.0000          8.1346        213.4412        244.8562        259.6503          7.9886          0.0276          1.8806          1.8804         -1.0599     694319
      9100.0000        193.4700        244.1955        260.0700          8.1224        213.0089        244.1669        258.6533          7.9783          0.0286          1.8772          1.8770          1.0056     695197
      9200.0000        192.5200        243.4979        259.3500          8.0919        211.7512        243.4686        258.2747          7.9527          0.0293          1.8747          1.8745          1.0061     694804
      9300.0000        191.6400        242.7834        259.5800          8.0820        210.9549        242.7565        256.9240          7.9414          0.0270          1.8717          1.8715          1.0002     694192
      9400.0000        190.7900        242.0694        257.9600          8.0551        210.1886        242.0416        257.6052          7.9192          0.0278          1.8683          1.8681          1.0019     694815
      9500.0000        189.9900        241.3730        256.4500          8.0128        209.4829        241.3488        258.3002          7.8786          0.0242          1.8643          1.8642          0.9876     695278
      9600.0000        189.2600        240.6735        255.5800          7.9628        208.8114        240.6506        258.3493          7.8281          0.0229          1.8588          1.8586          0.9929     694423
      9700.0000        199.5000        239.9631        254.7100          7.9111        208.1797        239.9407        258.0584          7.7748          0.0224          1.8514          1.8513          0.9985     694879
      9800.0000        198.5000        239.2570        255.5300          7.8545        207.4996        239.2350        257.5956          7.7187          0.0220          1.8455          1.8454          0.9949     695026
      9900.0000        187.9800        238.5636        254.2700          7.7737        207.1183        238.5421        257.1097          7.6303          0.0215          1.8352          1.8350          0.9891     694431
     10000.0000        188.2100        237.8505        253.1800          7.7067        206.6165        237.8270        256.5430          7.5574          0.0235          1.8274          1.8273          0.9818     695176
     10100.0000        206.6200        237.1464        251.1600          7.6209        205.9118        237.1273        256.0418          7.4624          0.0191          1.8215          1.8214          0.9692     695130
     10200.0000        190.4100        236.4526        250.2100          7.5153        205.7798        236.4291        255.6961          7.3486          0.0236          1.8146          1.8145          1.0209     695814
     10300.0000        192.1900        235.7586        250.0100          7.4122        205.1852        235.7353        255.3793          7.2381          0.0233          1.8074          1.8072         -1.0139     694520
     10400.0000        193.7700        235.0620        249.1900          7.2959        204.9355        235.0364        254.9398          7.1153          0.0256          1.7991          1.7990         -1.0272     694320
     10500.0000        193.9700        234.3911        248.5400          7.1546        204.6019        234.3599        254.2223          6.9752          0.0312          1.7865          1.7862         -1.0167     695700
     10600.0000        194.4000        233.6965        247.8900          7.0039        204.3134        233.6613        247.6135          6.8289          0.0352          1.7780          1.7777         -1.0254     695848
     10700.0000        204.8500        233.0223        247.1000          6.8443        203.9606        232.9840        252.5642          6.6707          0.0383          1.7678          1.7673         -1.0315     694725
     10800.0000        196.2700        232.3495        246.5600          6.6720        203.6606        232.3066        251.7142          6.5019          0.0429          1.7565          1.7559         -1.0119     694688
     10900.0000        204.4300        231.6708        245.2200          6.4997        203.4721        231.6255        250.7387          6.3326          0.0453          1.7448          1.7442         -1.0283     694430
     11000.0000        199.4300        230.9843        244.8500          6.3275        203.3515        230.9390        249.7438          6.1593          0.0453          1.7346          1.7340         -1.0328     694799
     11100.0000        201.4500        230.3135        244.0700          6.1412        204.1560        230.2695        248.7866          5.9705          0.0440          1.7188          1.7182         -1.0356     694881
     11200.0000        203.7600        229.6443        243.8000          5.9498        203.3654        229.5993        243.1557          5.7781          0.0449          1.7073          1.7067          1.5294     695300
     11300.0000        199.9700        228.9758        243.8100          5.7608        203.5370        228.9341        246.8855          5.5805          0.0417          1.6976          1.6971          1.0588     695246
     11400.0000        200.4000        228.2978        243.0300          5.5683        203.8159        228.2602        245.8809          5.3801          0.0376          1.6849          1.6845          0.9901     695264
     11500.0000        202.9000        227.6370        241.6200          5.3739        204.1941        227.6003        244.8832          5.1746          0.0366          1.6746          1.6742          0.9691     695270
     11600.0000        203.1800        226.9758        240.3700          5.1808        204.6411        226.9424        239.3151          4.9668          0.0334          1.6625          1.6621          0.9813     694496
     11700.0000        201.7500        226.3153        240.1200          4.9923        204.9075        226.2842        242.8438          4.7594          0.0311          1.6514          1.6511          0.9923     694986
     11800.0000        200.3800        225.6525        239.3600          4.8038        204.8528        225.6246        241.7811          4.5508          0.0278          1.6394          1.6392          1.0095     694185
     11900.0000        199.1100        224.9915        238.3000          4.6214        205.1292        224.9675        240.7319          4.3448          0.0240          1.6277          1.6276          1.0133     694947
     12000.0000        202.8600        224.3210        237.8100          4.4475        204.9895        224.2996        239.6532          4.1449          0.0214          1.6158          1.6157          0.9847     695646
     12100.0000        197.3000        223.6653        237.0200          4.2668        205.0731        223.6413        238.5938          3.9430          0.0240          1.5996          1.5994         -1.3635     695687
     12200.0000        200.9000        223.0109        236.2200          4.0792        205.5690        222.9868        237.5514          3.7390          0.0241          1.5833          1.5831         -1.0430     695241
     12300.0000        199.7200        222.3513        235.5000          3.9099        205.3723        222.3239        236.4854          3.5535          0.0274          1.5674          1.5671         -1.0070     695025
     12400.0000        198.4100        221.6926        234.7900          3.7425        205.0854        221.6624        235.4375          3.3738          0.0301          1.5463          1.5460         -0.9702     695042
     12500.0000        196.7600        221.0220        234.0500          3.5857        205.4922        220.9916        234.4079          3.2077          0.0304          1.5249          1.5246         -0.9842     694593
     12600.0000        196.6500        220.3508        233.5000          3.4475        204.5899        220.3215        233.3549          3.0668          0.0292          1.5006          1.5004         -1.0957     695125
     12700.0000        194.6000        219.6803        233.0600          3.3330        204.4512        219.6523        232.3980          2.9476          0.0280          1.4808          1.4806         -1.1163     695729
     12800.0000        193.4700        219.0096        232.8400          3.2314        204.3685        218.9830        232.0302          2.8514          0.0266          1.4551          1.4548         -1.0990     694480
     12900.0000        192.4300        218.3456        232.5500          3.1616        204.3616        218.3180        230.4214          2.7859          0.0276          1.4313          1.4310         -0.8595     694661
     13000.0000        191.8500        217.6832        231.3100          3.1135        204.4351        217.6551        231.2696          2.7466          0.0281          1.4060          1.4057             NaN     694855
     13100.0000        196.3700        217.0245        231.8700          3.0936        204.6863        216.9945        230.8916          2.7364          0.0300          1.3811          1.3808             NaN     695880
     13200.0000        196.9000        216.3695        231.4600          3.0998        204.7932        216.3382        229.6722          2.7555          0.0313          1.3559          1.3555         -1.0350     695581
     13300.0000        193.7400        215.7166        230.9600          3.1319        205.0590        215.6824        230.0769          2.8001          0.0342          1.3320          1.3316         -1.1076     694377
     13400.0000        195.3500        215.0742        230.1400          3.1902        205.3689        215.0364        229.6563          2.8693          0.0378          1.3120          1.3114         -1.5916     695108
     13500.0000        197.3400        214.4311        229.7600          3.2751        205.7600        214.3913        229.2234          2.9620          0.0398          1.2915          1.2909          1.0085     694997
     13600.0000        201.0900        213.7946        229.0300          3.3775        206.2320        213.7524        228.4240          3.0720          0.0422          1.2734          1.2727          1.0164     695442
     13700.0000        201.8200        213.1507        229.1800          3.4945        206.4344        213.1098        228.2712          3.1967          0.0409          1.2569          1.2562          1.0082     695084
     13800.0000        203.6300        212.5154        227.5600          3.6259        205.5947        212.4739        228.4664          3.3335          0.0415          1.2421          1.2414          0.9881     694534
     13900.0000        203.1000        211.8747        228.6300          3.7603        204.7529        211.8348        227.3275          3.4781          0.0400          1.2299          1.2292          0.9691     694882
     14000.0000        202.3200        211.2326        226.7300          3.9005        203.9203        211.1960        226.9137          3.6298          0.0366          1.2201          1.2195          0.9425     695653
     14100.0000        201.5800        210.6002        226.7100          4.0433        203.0849        210.5661        228.1338          3.7889          0.0342          1.2105          1.2101             NaN     695259
     14200.0000        201.0500        209.9648        226.5800          4.1852        202.2609        209.9339        227.9778          3.9524          0.0309          1.1976          1.1972         -0.9963     694581
     14300.0000        200.6700        209.3245        225.7600          4.3263        201.2919        209.2965        227.8331          4.1190          0.0280          1.1850          1.1847         -0.9902     695250
     14400.0000        199.9800        208.6984        226.5200          4.4839        200.4185        208.6749        225.2135          4.2984          0.0235          1.1688          1.1686         -1.0300     694885
     14500.0000        199.0400        208.0691        227.0900          4.6351        199.5435        208.0539        224.7542          4.4712          0.0152          1.1533          1.1532         -1.0609     694782
     14600.0000        198.0400        207.4426        227.6000          4.7864        198.9951        207.4302        224.3176          4.6379          0.0124          1.1389          1.1388         -1.3189     694945
     14700.0000        197.4000        206.8363        227.9900          4.9429        198.5242        206.8213        223.4623          4.7974          0.0149          1.1297          1.1296          0.9593     695673
     14800.0000        196.1800        206.2400        228.2000          5.0897        197.1126        206.2194        226.6640          4.9324          0.0207          1.1236          1.1235          0.9996     695405
     14900.0000        195.3200        205.6658        224.8900          5.2445        196.3685        205.6294        223.4538          5.0532          0.0363          1.1226          1.1220          1.0166     695369
     15000.0000        194.9700        205.0997        227.9800          5.3958        195.6777        205.0390        225.8094          5.1456          0.0607          1.1347          1.1330          1.0182     695436
