   0.0000   44.0000  259.5945   -0.4852    1.2276    1.1276    0.9847     1101
   2.0000   44.0000  259.6154   -0.3401    1.1461    1.0945    0.9850     1384
   4.0000   44.0000  259.5980   -0.2787    1.0672    1.0302    0.9873     1373
   6.0000   44.0000  259.6454   -0.4453    1.5216    1.4550    0.9756     1390
   8.0000   44.0000  259.6796   -0.4977    1.1319    1.0166    0.9881     1080
  10.0000   44.0000  259.7826   -0.5206    1.1159    0.9870    0.9885      966
  12.0000   44.0000  259.8161   -0.6222    1.6054    1.4799    0.9748      984
  14.0000   44.0000  259.8610   -0.5600    1.4281    1.3138    0.9799      820
  16.0000   44.0000  259.7051   -0.5219    1.6641    1.5802    0.9713      912
  18.0000   44.0000  259.2361   -0.4517    1.9806    1.9285    0.9600      768
  20.0000   44.0000  259.1591   -0.3760    1.8257    1.7865    0.9661      620
  22.0000   44.0000  257.6244   -0.3002    2.7529    2.7364    0.9318      664
  24.0000   44.0000  256.9739    0.1145    2.7604    2.7580    0.9378      874
  26.0000   44.0000  256.6068    0.1155    3.1654    3.1633    0.9271      769
  28.0000   44.0000  255.2999    0.8818    3.4934    3.3803    0.9291      641
  30.0000   44.0000  251.5516    0.4123    3.3815    3.3563    0.9412      570
  32.0000   44.0000  250.5508    1.2379    3.0595    2.7978    0.9649      339
  34.0000   44.0000  250.7015    0.7576    3.2174    3.1269    0.9579      334
  36.0000   44.0000  246.2325    0.8158    2.7210    2.5959    0.9727      387
  38.0000   44.0000  245.4397    0.5519    3.1291    3.0801    0.9593      277
   0.0000   46.0000  259.5815   -0.2456    1.0643    1.0355    0.9874     1910
   2.0000   46.0000  259.5801   -0.3229    1.1331    1.0861    0.9865     2066
   4.0000   46.0000  259.5872   -0.3363    1.0833    1.0298    0.9873     2862
   6.0000   46.0000  259.6475   -0.2918    1.1089    1.0698    0.9865     2297
   8.0000   46.0000  259.7597   -0.2328    1.0024    0.9750    0.9881     1653
  10.0000   46.0000  259.7646   -0.3835    1.0780    1.0075    0.9885     1715
  12.0000   46.0000  259.8694   -0.3762    1.1647    1.1022    0.9852     1598
  14.0000   46.0000  259.9267   -0.4165    1.2601    1.1893    0.9831     1773
  16.0000   46.0000  259.5605   -0.5404    1.5346    1.4363    0.9765     1863
  18.0000   46.0000  259.4381   -0.1981    1.6231    1.6110    0.9718     1305
  20.0000   46.0000  259.3187   -0.0063    2.1187    2.1187    0.9540     1178
  22.0000   46.0000  257.7270   -0.2889    2.6177    2.6017    0.9391     1451
  24.0000   46.0000  257.5841   -0.1067    2.7222    2.7201    0.9395     1400
  26.0000   46.0000  256.0810    0.0508    2.9225    2.9221    0.9407     1334
  28.0000   46.0000  254.7946    0.5853    3.1323    3.0771    0.9430     1310
  30.0000   46.0000  252.3310    0.7218    3.2069    3.1246    0.9496      892
  32.0000   46.0000  251.2822    0.6822    3.2286    3.1557    0.9546      862
  34.0000   46.0000  249.4319    1.4315    3.3957    3.0792    0.9548      675
  36.0000   46.0000  246.6333    0.7391    3.2730    3.1884    0.9551      651
  38.0000   46.0000  245.0806    1.2537    3.5006    3.2684    0.9580      529
   0.0000   48.0000  259.5915   -0.1796    1.1244    1.1100    0.9844     1983
   2.0000   48.0000  259.5181   -0.1878    0.9937    0.9758    0.9885     2174
   4.0000   48.0000  259.5736   -0.0984    1.0274    1.0226    0.9873     2494
   6.0000   48.0000  259.7437   -0.1318    1.0090    1.0004    0.9870     2274
   8.0000   48.0000  259.6921   -0.1763    1.0373    1.0222    0.9883     2421
  10.0000   48.0000  259.6307   -0.3738    1.0337    0.9638    0.9893     1834
  12.0000   48.0000  259.8909   -0.3187    1.1101    1.0634    0.9866     1654
  14.0000   48.0000  259.9275   -0.2929    1.2588    1.2243    0.9826     1651
  16.0000   48.0000  259.6794   -0.3452    1.3881    1.3445    0.9788     1480
  18.0000   48.0000  259.9914    0.0343    1.5970    1.5967    0.9714     1364
  20.0000   48.0000  259.1941   -0.0945    1.9288    1.9265    0.9622     1372
  22.0000   48.0000  258.4502    0.2761    2.1328    2.1148    0.9570     1078
  24.0000   48.0000  257.3617    0.0728    2.7941    2.7931    0.9403     1183
  26.0000   48.0000  256.8091    0.5038    2.9247    2.8810    0.9431     1168
  28.0000   48.0000  255.5018    0.6368    3.4231    3.3634    0.9322     1001
  30.0000   48.0000  253.5272    1.0690    3.5415    3.3763    0.9376      944
  32.0000   48.0000  250.8603    1.5230    3.3566    2.9912    0.9582     1030
  34.0000   48.0000  248.1646    0.9948    3.0723    2.9068    0.9648      943
  36.0000   48.0000  248.6205    1.6240    3.5000    3.1004    0.9628      636
  38.0000   48.0000  248.1897    1.9394    4.0899    3.6009    0.9469      509
   0.0000   50.0000  259.4846   -0.2623    1.0592    1.0263    0.9866     2480
   2.0000   50.0000  259.5760   -0.0616    0.9770    0.9751    0.9894     2332
   4.0000   50.0000  259.6487   -0.0188    1.0134    1.0132    0.9893     2286
   6.0000   50.0000  259.6920   -0.0283    0.9041    0.9036    0.9913     1736
   8.0000   50.0000  259.7697   -0.1186    0.9717    0.9645    0.9892     1620
  10.0000   50.0000  259.7349   -0.2466    0.9511    0.9186    0.9905     1881
  12.0000   50.0000  259.9339   -0.2016    1.0503    1.0308    0.9871     1635
  14.0000   50.0000  259.8104   -0.2433    1.3085    1.2857    0.9799     1564
  16.0000   50.0000  259.7673   -0.2157    1.2403    1.2215    0.9833     1485
  18.0000   50.0000  259.7074    0.1342    1.5971    1.5915    0.9724     1325
  20.0000   50.0000  259.5732    0.2316    1.9134    1.8993    0.9623     1406
  22.0000   50.0000  258.8274    0.3333    2.0393    2.0119    0.9609     1243
  24.0000   50.0000  257.9554    0.4581    2.5177    2.4756    0.9495      915
  26.0000   50.0000  256.6544    0.5217    2.5792    2.5259    0.9542      968
  28.0000   50.0000  255.4022    1.4408    3.5096    3.2002    0.9371      956
  30.0000   50.0000  253.2838    1.1407    3.3183    3.1161    0.9479     1099
  32.0000   50.0000  251.3635    1.5455    3.3779    3.0037    0.9549     1155
  34.0000   50.0000  250.7813    1.0926    3.1285    2.9315    0.9625     1007
  36.0000   50.0000  248.1033    1.2654    3.1369    2.8704    0.9664      736
  38.0000   50.0000  246.1900    1.7773    3.5618    3.0866    0.9641      524
   0.0000   52.0000  259.4423   -0.0783    1.0173    1.0142    0.9881     2430
   2.0000   52.0000  259.4995   -0.0648    0.9890    0.9869    0.9874     2293
   4.0000   52.0000  259.5003   -0.1278    0.9792    0.9708    0.9890     2177
   6.0000   52.0000  259.7373   -0.1289    0.9680    0.9594    0.9890     1729
   8.0000   52.0000  259.6669   -0.0476    1.0229    1.0218    0.9875     1457
  10.0000   52.0000  259.6742   -0.1946    1.0341    1.0156    0.9875     1450
  12.0000   52.0000  259.9651   -0.1188    1.0257    1.0188    0.9872     1452
  14.0000   52.0000  259.8215   -0.2509    1.1826    1.1557    0.9841     1362
  16.0000   52.0000  259.6600   -0.1577    1.3854    1.3764    0.9783     1227
  18.0000   52.0000  259.6939    0.1024    1.3825    1.3787    0.9788     1097
  20.0000   52.0000  259.5424    0.2211    1.5209    1.5048    0.9771     1233
  22.0000   52.0000  258.6675    0.4777    2.1100    2.0552    0.9594     1187
  24.0000   52.0000  257.8047    0.6134    2.4165    2.3373    0.9530      878
  26.0000   52.0000  256.5497    0.5642    2.9154    2.8603    0.9389      693
  28.0000   52.0000  254.9811    0.9989    2.8700    2.6905    0.9535     1010
  30.0000   52.0000  254.0317    1.1985    3.2539    3.0251    0.9507     1026
  32.0000   52.0000  250.8136    1.3084    3.4877    3.2330    0.9522      922
  34.0000   52.0000  250.1729    1.0892    3.1184    2.9220    0.9645     1087
  36.0000   52.0000  248.4997    1.6369    3.4364    3.0215    0.9648      803
  38.0000   52.0000  246.6714    1.8634    3.6284    3.1134    0.9656      490
   0.0000   54.0000  259.4433   -0.1090    1.0564    1.0507    0.9863     1822
   2.0000   54.0000  259.5869    0.0211    1.0101    1.0099    0.9877     1925
   4.0000   54.0000  259.6303   -0.0669    0.9787    0.9764    0.9895     2315
   6.0000   54.0000  259.6577    0.0367    1.0473    1.0466    0.9867     1702
   8.0000   54.0000  259.6841   -0.0991    1.0354    1.0306    0.9876     1656
  10.0000   54.0000  259.8420   -0.0929    0.9524    0.9478    0.9897     1694
  12.0000   54.0000  259.9656   -0.2424    0.8873    0.8536    0.9908     1397
  14.0000   54.0000  259.9117   -0.1851    1.0546    1.0382    0.9873     1159
  16.0000   54.0000  259.9543   -0.0296    1.2891    1.2888    0.9812     1248
  18.0000   54.0000  259.9286    0.0971    1.3717    1.3682    0.9786     1073
  20.0000   54.0000  259.4620    0.2957    1.5171    1.4880    0.9767      998
  22.0000   54.0000  258.7718    0.4965    1.9072    1.8415    0.9671     1045
  24.0000   54.0000  258.1543    0.5064    2.5228    2.4715    0.9485      978
  26.0000   54.0000  257.0802    0.4531    2.4862    2.4445    0.9567      886
  28.0000   54.0000  254.5924    0.8201    2.6715    2.5425    0.9598      910
  30.0000   54.0000  252.8078    1.1598    3.2325    3.0172    0.9505     1044
  32.0000   54.0000  250.8699    1.4122    3.8494    3.5810    0.9352     1000
  34.0000   54.0000  249.8286    1.1173    3.3836    3.1938    0.9506      853
  36.0000   54.0000  248.1832    1.3376    3.0822    2.7768    0.9652      838
  38.0000   54.0000  245.7893    1.7442    3.6372    3.1917    0.9594      813
   0.0000   56.0000  254.4932   -0.1079    2.4315    2.4291    0.9651     8114
   2.0000   56.0000  253.6087   -0.0155    2.3924    2.3923    0.9754     7323
   4.0000   56.0000  252.6587    0.0625    2.3079    2.3070    0.9778     8317
   6.0000   56.0000  250.8270    0.2159    2.4978    2.4884    0.9775     7712
   8.0000   56.0000  250.4966   -0.0159    2.4053    2.4052    0.9828     7123
  10.0000   56.0000  259.7886   -0.2026    0.9933    0.9724    0.9883     1811
  12.0000   56.0000  259.8017   -0.2098    0.9558    0.9325    0.9898     1945
  14.0000   56.0000  259.8149   -0.1925    1.0728    1.0553    0.9866     1758
  16.0000   56.0000  259.9041    0.0926    1.1730    1.1693    0.9839     1471
  18.0000   56.0000  259.8192    0.1605    1.4524    1.4435    0.9773     1086
  20.0000   56.0000  259.2232    0.1076    1.7054    1.7020    0.9710     1066
  22.0000   56.0000  258.5783    0.4598    2.0734    2.0217    0.9599      809
  24.0000   56.0000  258.0190    0.5466    2.3319    2.2669    0.9567      937
  26.0000   56.0000  257.1755    0.8682    2.4981    2.3423    0.9568     1036
  28.0000   56.0000  254.5755    0.4001    2.4718    2.4392    0.9627      882
  30.0000   56.0000  253.3787    0.9703    2.9033    2.7364    0.9590      812
  32.0000   56.0000  252.3590    1.1550    3.3756    3.1719    0.9526      983
  34.0000   56.0000  251.1159    1.9327    3.6034    3.0413    0.9587      778
  36.0000   56.0000  247.0930    1.2750    3.3992    3.1510    0.9571      946
  38.0000   56.0000  245.8588    1.6395    3.5814    3.1841    0.9603      938
   0.0000   58.0000  254.4418   -0.0932    2.4594    2.4576    0.9650     8011
   2.0000   58.0000  253.4451    0.0690    2.5005    2.4996    0.9737     7073
   4.0000   58.0000  252.7434    0.1489    2.4128    2.4082    0.9765     8307
   6.0000   58.0000  251.3175    0.2570    2.4929    2.4796    0.9783     8149
   8.0000   58.0000  251.2139   -0.0428    2.3425    2.3421    0.9842     7735
  10.0000   58.0000  259.7571   -0.1274    0.9511    0.9425    0.9896     2116
  12.0000   58.0000  259.8511   -0.1740    0.9874    0.9720    0.9882     1787
  14.0000   58.0000  259.7828   -0.2554    1.1487    1.1199    0.9849     1842
  16.0000   58.0000  259.8493   -0.0735    1.1845    1.1822    0.9837     1478
  18.0000   58.0000  259.7222    0.1711    1.3274    1.3163    0.9809     1380
  20.0000   58.0000  259.4372    0.2993    1.6709    1.6438    0.9714     1121
  22.0000   58.0000  258.5436    0.1491    1.9021    1.8962    0.9650     1116
  24.0000   58.0000  258.2627    0.6265    2.2291    2.1393    0.9605      932
  26.0000   58.0000  256.3883    0.8053    2.5489    2.4184    0.9583     1045
  28.0000   58.0000  254.7481    0.3767    2.7617    2.7358    0.9501      860
  30.0000   58.0000  253.3783    1.2126    3.0588    2.8082    0.9577      816
  32.0000   58.0000  251.0900    1.1256    3.2055    3.0014    0.9557      929
  34.0000   58.0000  250.7124    1.3089    3.4793    3.2238    0.9558      856
  36.0000   58.0000  247.8317    1.4283    3.3383    3.0174    0.9629      880
  38.0000   58.0000  246.4923    1.8325    3.8418    3.3765    0.9487      970
   0.0000   60.0000  254.9086   -0.0356    2.4945    2.4942    0.9628     8746
   2.0000   60.0000  254.2129    0.0833    2.5070    2.5056    0.9724     8072
   4.0000   60.0000  253.2517    0.1509    2.4044    2.3996    0.9765     8988
   6.0000   60.0000  252.2689    0.2898    2.4451    2.4279    0.9782     9171
   8.0000   60.0000  251.1804    0.0113    2.4112    2.4112    0.9830     7651
  10.0000   60.0000  259.7840   -0.2061    0.9448    0.9220    0.9897     1990
  12.0000   60.0000  259.8527   -0.2115    1.0636    1.0424    0.9864     1754
  14.0000   60.0000  259.9627   -0.0954    1.0645    1.0602    0.9876     1494
  16.0000   60.0000  259.9046    0.0069    1.0959    1.0958    0.9856     1789
  18.0000   60.0000  259.5342    0.0853    1.3309    1.3282    0.9795     1528
  20.0000   60.0000  259.2821    0.2736    1.8746    1.8546    0.9632     1464
  22.0000   60.0000  258.8029    0.2491    2.0163    2.0008    0.9612     1271
  24.0000   60.0000  258.0285    0.6176    2.7294    2.6586    0.9402     1184
  26.0000   60.0000  257.2209    0.5955    2.3944    2.3191    0.9593      939
  28.0000   60.0000  255.3199    1.1757    3.0101    2.7711    0.9501      808
  30.0000   60.0000  252.9602    1.2798    3.5484    3.3095    0.9389      849
  32.0000   60.0000  251.3833    1.2819    3.2834    3.0228    0.9568      913
  34.0000   60.0000  250.1925    1.3154    3.3401    3.0702    0.9561      712
  36.0000   60.0000  247.9311    0.7460    3.0423    2.9494    0.9594     1041
  38.0000   60.0000  246.0779    1.9875    3.8940    3.3486    0.9514      840
   0.0000   62.0000  254.4574    0.0128    2.7293    2.7293    0.9571    15734
   2.0000   62.0000  253.3486    0.1569    2.8034    2.7990    0.9667    13788
   4.0000   62.0000  252.4425    0.2773    2.7174    2.7032    0.9716    15793
   6.0000   62.0000  251.0632    0.4678    2.7399    2.6996    0.9742    15612
   8.0000   62.0000  250.0892    0.1062    2.6356    2.6335    0.9800    13454
  10.0000   62.0000  259.7838   -0.1979    0.9059    0.8840    0.9922     2134
  12.0000   62.0000  259.8554   -0.1291    0.9341    0.9252    0.9899     1689
  14.0000   62.0000  259.7899   -0.1445    1.0080    0.9976    0.9883     1696
  16.0000   62.0000  259.8663    0.0295    1.1223    1.1220    0.9862     1470
  18.0000   62.0000  259.6172    0.3062    1.3997    1.3658    0.9796     1604
  20.0000   62.0000  259.0720    0.3892    1.8530    1.8116    0.9653     1564
  22.0000   62.0000  258.9165    0.4508    2.1250    2.0767    0.9576     1474
  24.0000   62.0000  258.0274    0.5529    2.2890    2.2212    0.9575     1231
  26.0000   62.0000  257.4628    0.8875    2.7580    2.6113    0.9493      955
  28.0000   62.0000  254.9574    1.1196    3.0835    2.8730    0.9453      774
  30.0000   62.0000  253.4281    1.2373    3.4725    3.2446    0.9420     1107
  32.0000   62.0000  250.2333    0.2867    2.8061    2.7915    0.9588      843
  34.0000   62.0000  249.6248    0.6781    2.9491    2.8701    0.9627      677
  36.0000   62.0000  248.7250    1.2936    3.3285    3.0668    0.9573     1006
  38.0000   62.0000  245.7526    1.3406    3.3175    3.0345    0.9600      723
   0.0000   64.0000  255.1104    0.0432    2.7187    2.7183    0.9574     8952
   2.0000   64.0000  254.5251    0.1780    2.7194    2.7135    0.9679     8489
   4.0000   64.0000  253.6008    0.3260    2.6719    2.6520    0.9715     9343
   6.0000   64.0000  252.1931    0.4874    2.7223    2.6783    0.9741     8903
   8.0000   64.0000  251.4079    0.1445    2.5612    2.5572    0.9807     7719
  10.0000   64.0000  259.7345   -0.1857    0.8635    0.8433    0.9917     1823
  12.0000   64.0000  259.8622   -0.2513    0.8514    0.8134    0.9923     1824
  14.0000   64.0000  259.8410   -0.1462    0.9689    0.9578    0.9895     1577
  16.0000   64.0000  259.8362    0.0677    1.1280    1.1259    0.9844     1225
  18.0000   64.0000  259.6029    0.2076    1.4736    1.4590    0.9759     1543
  20.0000   64.0000  259.3725    0.2083    1.6928    1.6799    0.9706     1446
  22.0000   64.0000  258.9329    0.2091    2.1312    2.1209    0.9570     1384
  24.0000   64.0000  258.3130    0.6115    2.3574    2.2767    0.9535     1174
  26.0000   64.0000  257.1360    1.0631    2.8939    2.6916    0.9469     1239
  28.0000   64.0000  255.3589    1.4315    3.6417    3.3485    0.9276     1106
  30.0000   64.0000  253.9954    1.6381    3.7624    3.3871    0.9378      905
  32.0000   64.0000  251.0046    1.0764    3.1772    2.9893    0.9550      713
  34.0000   64.0000  248.8601    1.2745    3.6003    3.3672    0.9477      822
  36.0000   64.0000  246.8030    1.4959    3.9517    3.6576    0.9381      997
  38.0000   64.0000  244.8591    1.0472    3.3464    3.1784    0.9516      723
   0.0000   66.0000  254.1969    0.1239    3.0663    3.0638    0.9474    14731
   2.0000   66.0000  253.2006    0.3568    3.1958    3.1759    0.9596    13178
   4.0000   66.0000  252.4500    0.4306    3.0308    3.0000    0.9649    15627
   6.0000   66.0000  250.6648    0.6635    3.0724    2.9999    0.9678    14726
   8.0000   66.0000  249.7474    0.2449    2.8738    2.8633    0.9772    12787
  10.0000   66.0000  259.8183   -0.1911    0.8282    0.8059    0.9922     1864
  12.0000   66.0000  259.8486   -0.1187    0.8647    0.8565    0.9909     1825
  14.0000   66.0000  259.8242   -0.0669    0.9474    0.9450    0.9893     1655
  16.0000   66.0000  259.8049    0.0388    1.1231    1.1224    0.9851     1505
  18.0000   66.0000  259.8007    0.2773    1.3598    1.3312    0.9800     1414
  20.0000   66.0000  259.3262    0.4758    1.7749    1.7099    0.9693     1243
  22.0000   66.0000  258.6478    0.5691    2.2075    2.1329    0.9564     1235
  24.0000   66.0000  257.6536    0.4703    2.6071    2.5643    0.9466     1505
  26.0000   66.0000  256.5860    0.9616    2.9369    2.7750    0.9422     1370
  28.0000   66.0000  255.3585    1.0260    3.2141    3.0459    0.9426     1135
  30.0000   66.0000  253.5296    1.7220    3.7939    3.3805    0.9371      833
  32.0000   66.0000  252.0016    1.1648    3.4375    3.2341    0.9504      860
  34.0000   66.0000  248.1924    0.6433    3.0618    2.9934    0.9579      781
  36.0000   66.0000  246.6151    0.9374    3.3303    3.1956    0.9534      972
  38.0000   66.0000  243.2518    0.5184    3.0053    2.9603    0.9601      733
   0.0000   68.0000  254.8259    0.1449    3.0485    3.0450    0.9476     8279
   2.0000   68.0000  254.2501    0.3324    3.0775    3.0595    0.9603     7884
   4.0000   68.0000  253.4709    0.4189    2.9505    2.9206    0.9661     9078
   6.0000   68.0000  251.9092    0.5872    2.9751    2.9165    0.9693     8515
   8.0000   68.0000  250.8916    0.2059    2.7803    2.7726    0.9773     7200
  10.0000   68.0000  259.9024   -0.0167    0.8198    0.8197    0.9915     1470
  12.0000   68.0000  259.8967   -0.1113    0.9175    0.9108    0.9893     1579
  14.0000   68.0000  260.0185   -0.0271    0.9474    0.9470    0.9891     1683
  16.0000   68.0000  259.8407    0.0155    1.1315    1.1314    0.9853     1253
  18.0000   68.0000  259.7473    0.2775    1.4996    1.4737    0.9755     1195
  20.0000   68.0000  258.6922    0.0227    1.8823    1.8822    0.9633     1122
  22.0000   68.0000  258.3041    0.2239    2.0672    2.0550    0.9604     1339
  24.0000   68.0000  257.9048    0.6372    2.5546    2.4739    0.9473     1392
  26.0000   68.0000  256.9540    0.6447    2.7424    2.6656    0.9477     1263
  28.0000   68.0000  254.5487    0.9567    3.3527    3.2133    0.9371     1302
  30.0000   68.0000  254.2148    1.3457    3.3656    3.0849    0.9495     1086
  32.0000   68.0000  251.9270    0.9225    3.4840    3.3597    0.9424      942
  34.0000   68.0000  249.6159    1.1429    3.9816    3.8141    0.9325      808
  36.0000   68.0000  247.3665    1.5577    3.5689    3.2110    0.9535      800
  38.0000   68.0000  243.9640    0.4530    3.1116    3.0785    0.9597      694
   0.0000   70.0000  254.2989    0.2255    3.2623    3.2545    0.9406    14929
   2.0000   70.0000  253.3592    0.4967    3.3882    3.3516    0.9556    13447
   4.0000   70.0000  252.3982    0.5637    3.2958    3.2473    0.9591    15426
   6.0000   70.0000  250.7855    0.7924    3.3025    3.2060    0.9623    14789
   8.0000   70.0000  249.7757    0.3339    3.0328    3.0144    0.9733    12706
  10.0000   70.0000  259.9562    0.0472    0.8828    0.8815    0.9903     1556
  12.0000   70.0000  259.9201   -0.0720    0.8561    0.8531    0.9920     1344
  14.0000   70.0000  259.9559   -0.0373    1.0185    1.0178    0.9875     1370
  16.0000   70.0000  260.0110    0.1688    1.2094    1.1975    0.9835     1261
  18.0000   70.0000  259.4212    0.0453    1.6267    1.6260    0.9709     1395
  20.0000   70.0000  259.3354    0.1402    1.7810    1.7755    0.9670     1426
  22.0000   70.0000  258.3052    0.0263    2.2730    2.2729    0.9525     1079
  24.0000   70.0000  257.6295    0.5522    2.6680    2.6103    0.9443     1272
  26.0000   70.0000  256.4061    0.7495    2.7134    2.6078    0.9521     1434
  28.0000   70.0000  254.4731    0.8423    3.2965    3.1871    0.9387     1331
  30.0000   70.0000  253.8378    1.3385    3.7564    3.5098    0.9340     1315
  32.0000   70.0000  252.1133    1.1994    3.6596    3.4575    0.9405     1201
  34.0000   70.0000  249.0868    1.5525    3.9251    3.6050    0.9396      924
  36.0000   70.0000  247.9014    1.1869    3.5257    3.3199    0.9465      703
  38.0000   70.0000  245.1697    0.8721    3.5596    3.4511    0.9506      708
   0.0000   72.0000  255.2025    0.1747    3.0780    3.0730    0.9452     9019
   2.0000   72.0000  254.2003    0.4511    3.2536    3.2222    0.9559     7777
   4.0000   72.0000  253.3643    0.5448    3.1849    3.1379    0.9612     8844
   6.0000   72.0000  251.8569    0.9082    3.3540    3.2287    0.9623     8175
   8.0000   72.0000  251.1413    0.3382    2.8769    2.8569    0.9756     7360
  10.0000   72.0000  260.0142   -0.0127    0.8472    0.8471    0.9908     1768
  12.0000   72.0000  259.9500   -0.1194    0.8248    0.8161    0.9918     1513
  14.0000   72.0000  260.0715    0.0514    0.8913    0.8898    0.9908     1429
  16.0000   72.0000  259.8632    0.0033    1.2682    1.2682    0.9811     1329
  18.0000   72.0000  259.5175    0.0432    1.3812    1.3806    0.9790     1506
  20.0000   72.0000  258.9821    0.1059    1.7987    1.7956    0.9670     1386
  22.0000   72.0000  258.7930    0.4563    2.2072    2.1596    0.9551     1359
  24.0000   72.0000  258.2039    0.4982    2.6600    2.6129    0.9448     1089
  26.0000   72.0000  256.1189    0.5744    3.0365    2.9817    0.9364     1017
  28.0000   72.0000  255.7744    1.1768    3.2800    3.0616    0.9437     1242
  30.0000   72.0000  253.2599    1.3131    3.4641    3.2055    0.9440     1310
  32.0000   72.0000  251.8430    1.4111    3.9487    3.6879    0.9364     1330
  34.0000   72.0000  249.4887    1.4118    3.7329    3.4556    0.9476     1108
  36.0000   72.0000  247.6033    1.0180    3.4899    3.3382    0.9522      871
  38.0000   72.0000  246.1872    1.1756    3.7334    3.5434    0.9441      599
   0.0000   74.0000  254.4323    0.3231    3.3634    3.3478    0.9376    15211
   2.0000   74.0000  253.2928    0.5480    3.4900    3.4467    0.9507    13345
   4.0000   74.0000  252.4751    0.7537    3.4990    3.4168    0.9546    15270
   6.0000   74.0000  251.1878    1.0539    3.5561    3.3963    0.9579    15024
   8.0000   74.0000  249.9283    0.4914    3.1554    3.1170    0.9715    12771
  10.0000   74.0000  259.8610   -0.2212    0.8987    0.8710    0.9916     1481
  12.0000   74.0000  259.9817   -0.1184    0.8713    0.8632    0.9915     1465
  14.0000   74.0000  260.0557   -0.0187    0.8871    0.8869    0.9907     1431
  16.0000   74.0000  259.8873    0.0771    1.2222    1.2197    0.9824     1445
  18.0000   74.0000  259.5337    0.1022    1.4558    1.4522    0.9760     1818
  20.0000   74.0000  259.4949    0.2360    1.7387    1.7226    0.9696     1382
  22.0000   74.0000  258.3973    0.1104    2.3809    2.3784    0.9481     1303
  24.0000   74.0000  258.2897    0.7128    2.8676    2.7776    0.9347     1232
  26.0000   74.0000  256.7771    0.8548    3.1409    3.0223    0.9362      965
  28.0000   74.0000  254.3486    0.9654    3.5165    3.3814    0.9314     1073
  30.0000   74.0000  253.3284    1.2841    3.8358    3.6145    0.9342     1399
  32.0000   74.0000  251.3172    1.1788    3.9174    3.7358    0.9348     1137
  34.0000   74.0000  248.4876    1.3257    3.9751    3.7476    0.9379     1145
  36.0000   74.0000  249.3323    1.1301    3.2287    3.0245    0.9585      766
  38.0000   74.0000  244.8083    0.5042    3.2779    3.2389    0.9541      549
   0.0000   76.0000  254.8235    0.3611    3.2621    3.2420    0.9401     8202
   2.0000   76.0000  253.8845    0.5676    3.4331    3.3859    0.9523     7314
   4.0000   76.0000  253.3176    0.6879    3.3699    3.2990    0.9566     8681
   6.0000   76.0000  252.0181    0.8949    3.3308    3.2083    0.9626     8453
   8.0000   76.0000  251.2604    0.4059    2.9119    2.8835    0.9754     7378
  10.0000   76.0000  259.9023   -0.1501    0.9219    0.9096    0.9900     1746
  12.0000   76.0000  259.9355   -0.0925    0.9640    0.9595    0.9890     1753
  14.0000   76.0000  259.9122   -0.0329    1.2033    1.2029    0.9831     1630
  16.0000   76.0000  259.7782    0.0062    1.2632    1.2631    0.9811     1658
  18.0000   76.0000  259.7997    0.3120    1.3906    1.3552    0.9790     1442
  20.0000   76.0000  259.4713    0.2712    1.8815    1.8619    0.9631     1550
  22.0000   76.0000  259.1306    0.6158    2.5137    2.4371    0.9438     1319
  24.0000   76.0000  258.0431    0.4761    2.8151    2.7745    0.9377     1183
  26.0000   76.0000  256.9877    0.4871    3.0146    2.9750    0.9416      957
  28.0000   76.0000  255.0120    0.9979    3.7493    3.6141    0.9256     1152
  30.0000   76.0000  253.5667    1.3801    4.0553    3.8132    0.9282     1000
  32.0000   76.0000  251.4622    1.7224    4.4013    4.0503    0.9232     1324
  34.0000   76.0000  249.6531    0.9586    3.5929    3.4626    0.9500     1024
  36.0000   76.0000  247.6950    0.8342    3.5332    3.4333    0.9473      802
  38.0000   76.0000  246.1911    0.7914    3.3161    3.2203    0.9561      720
   0.0000   78.0000  254.2087    0.4069    3.4677    3.4438    0.9341    14614
   2.0000   78.0000  253.3732    0.8449    3.8558    3.7620    0.9417    12968
   4.0000   78.0000  252.2999    0.8684    3.6904    3.5867    0.9503    14835
   6.0000   78.0000  250.7160    0.9907    3.4916    3.3482    0.9600    14631
   8.0000   78.0000  249.7628    0.4424    3.0653    3.0332    0.9732    12662
  10.0000   78.0000  259.8846   -0.2318    0.8907    0.8600    0.9917     2162
  12.0000   78.0000  259.9803   -0.1056    0.9154    0.9093    0.9901     2437
  14.0000   78.0000  260.0301   -0.0168    1.0712    1.0710    0.9861     2231
  16.0000   78.0000  259.9011    0.1038    1.2626    1.2584    0.9821     1844
  18.0000   78.0000  259.8923    0.2043    1.5405    1.5269    0.9733     1482
  20.0000   78.0000  259.4642    0.5494    2.0568    1.9821    0.9591     1058
  22.0000   78.0000  258.4823    0.1966    2.4283    2.4204    0.9459     1109
  24.0000   78.0000  258.4992    0.7703    2.9617    2.8597    0.9335     1171
  26.0000   78.0000  256.7956    0.6404    3.1002    3.0333    0.9365     1375
  28.0000   78.0000  255.0985    0.5662    3.3625    3.3145    0.9381     1129
  30.0000   78.0000  252.9709    1.4152    3.9408    3.6779    0.9331      952
  32.0000   78.0000  251.6812    1.5517    4.0268    3.7159    0.9388     1010
  34.0000   78.0000  250.4939    1.5206    3.7585    3.4371    0.9498     1020
  36.0000   78.0000  247.7963    0.9919    3.3341    3.1831    0.9581      985
  38.0000   78.0000  245.6973    0.3740    3.3187    3.2975    0.9528      840
   0.0000   80.0000  255.0235    0.4922    3.4300    3.3945    0.9353     8370
   2.0000   80.0000  254.2218    0.6500    3.4997    3.4388    0.9506     7710
   4.0000   80.0000  253.3863    0.6512    3.3355    3.2713    0.9575     8873
   6.0000   80.0000  252.1867    0.8661    3.2238    3.1053    0.9650     8725
   8.0000   80.0000  251.4368    0.3378    2.8091    2.7887    0.9769     7607
  10.0000   80.0000  260.0284   -0.0074    0.8716    0.8715    0.9906     2278
  12.0000   80.0000  260.1637    0.1019    0.8815    0.8756    0.9909     2143
  14.0000   80.0000  260.0427   -0.0140    0.9813    0.9812    0.9889     2193
  16.0000   80.0000  260.0475    0.0413    1.1185    1.1177    0.9851     1802
  18.0000   80.0000  259.7775    0.2262    1.6394    1.6237    0.9701     1758
  20.0000   80.0000  259.4717    0.4507    2.2081    2.1616    0.9522     1414
  22.0000   80.0000  258.7334    0.6215    2.4076    2.3260    0.9496     1144
  24.0000   80.0000  258.2109    0.7505    2.8627    2.7625    0.9375     1142
  26.0000   80.0000  257.4111    1.3618    3.3211    3.0290    0.9369     1228
  28.0000   80.0000  255.3949    0.7231    3.6555    3.5833    0.9269     1038
  30.0000   80.0000  253.1882    1.3676    3.8512    3.6002    0.9381     1084
  32.0000   80.0000  250.6408    1.3256    4.3517    4.1448    0.9231      993
  34.0000   80.0000  248.5582    0.9387    3.5984    3.4739    0.9477     1048
  36.0000   80.0000  246.1984    0.5965    3.4223    3.3699    0.9528      925
  38.0000   80.0000  245.4539    0.6931    3.4242    3.3533    0.9523      727
   0.0000   82.0000  254.4437    0.5799    3.5879    3.5407    0.9311    14988
   2.0000   82.0000  253.2769    0.6902    3.6650    3.5995    0.9466    13326
   4.0000   82.0000  252.4510    0.7818    3.5635    3.4767    0.9546    15450
   6.0000   82.0000  251.2162    1.0026    3.4318    3.2821    0.9614    15464
   8.0000   82.0000  250.6394    0.3808    2.9231    2.8982    0.9759    13969
  10.0000   82.0000  259.9967   -0.0952    0.8229    0.8173    0.9918     2068
  12.0000   82.0000  260.1417   -0.0453    0.8362    0.8349    0.9914     1843
  14.0000   82.0000  260.1243   -0.0326    0.9769    0.9764    0.9890     1525
  16.0000   82.0000  259.9291    0.1512    1.4751    1.4673    0.9752     1619
  18.0000   82.0000  259.8324    0.3108    1.6161    1.5859    0.9721     1819
  20.0000   82.0000  259.5479    0.5966    1.9752    1.8829    0.9633     1822
  22.0000   82.0000  258.9232    0.5710    2.4607    2.3935    0.9468     1475
  24.0000   82.0000  257.7558    0.6464    2.5597    2.4767    0.9506     1177
  26.0000   82.0000  256.3809    1.0092    3.2986    3.1405    0.9333     1047
  28.0000   82.0000  255.3139    1.4407    3.7877    3.5030    0.9319     1145
  30.0000   82.0000  254.6923    1.4396    4.0415    3.7764    0.9293      985
  32.0000   82.0000  250.8535    1.0427    3.9838    3.8449    0.9411      844
  34.0000   82.0000  248.7975    0.9111    3.8115    3.7010    0.9469      867
  36.0000   82.0000  245.7780    1.4698    3.8187    3.5245    0.9463      900
  38.0000   82.0000  247.0837    1.2332    3.2290    2.9842    0.9641      924
   0.0000   84.0000  255.3696    0.4679    3.2401    3.2062    0.9417     9198
   2.0000   84.0000  254.3096    0.6074    3.3357    3.2800    0.9535     8001
   4.0000   84.0000  253.5838    0.6711    3.2933    3.2242    0.9596     9173
   6.0000   84.0000  252.3648    0.7957    3.1605    3.0587    0.9663     9059
   8.0000   84.0000  251.7672    0.3496    2.8075    2.7856    0.9769     7899
  10.0000   84.0000  260.0013   -0.1519    0.8931    0.8800    0.9912     2382
  12.0000   84.0000  260.1761    0.0223    0.8342    0.8339    0.9910     2011
  14.0000   84.0000  260.1777    0.0662    1.0266    1.0245    0.9870     1756
  16.0000   84.0000  260.2872    0.2278    1.2658    1.2451    0.9827     1749
  18.0000   84.0000  259.9384    0.3408    1.7064    1.6720    0.9693     1851
  20.0000   84.0000  259.4838    0.5046    1.9861    1.9209    0.9616     1665
  22.0000   84.0000  258.9834    0.5376    2.3230    2.2599    0.9529     1476
  24.0000   84.0000  257.6677    0.4809    2.8174    2.7760    0.9405     1215
  26.0000   84.0000  256.4116    0.5928    3.1561    3.0999    0.9362     1367
  28.0000   84.0000  254.5420    1.4235    3.8354    3.5614    0.9298     1262
  30.0000   84.0000  252.5080    1.1545    3.9016    3.7269    0.9344      981
  32.0000   84.0000  252.4958    1.1801    4.0105    3.8329    0.9355      918
  34.0000   84.0000  250.7182    0.6975    3.9714    3.9096    0.9376      727
  36.0000   84.0000  247.7292    0.9893    3.3280    3.1776    0.9601      894
  38.0000   84.0000  245.3857    1.0912    3.3425    3.1593    0.9589      969
   0.0000   86.0000  254.4315    0.5924    3.4705    3.4196    0.9369    15181
   2.0000   86.0000  253.4233    0.7148    3.5548    3.4822    0.9515    13668
   4.0000   86.0000  252.5802    0.7729    3.4733    3.3862    0.9567    15865
   6.0000   86.0000  251.2928    0.9944    3.4621    3.3162    0.9600    15823
   8.0000   86.0000  250.1514    0.4303    2.9773    2.9460    0.9757    13344
  10.0000   86.0000  260.0589   -0.0907    0.8837    0.8791    0.9900     2128
  12.0000   86.0000  260.2375   -0.0108    0.8911    0.8910    0.9898     1812
  14.0000   86.0000  260.3638    0.2167    0.8615    0.8338    0.9917     1536
  16.0000   86.0000  260.1809    0.3280    1.1631    1.1159    0.9856     1442
  18.0000   86.0000  259.7699    0.1957    1.7077    1.6964    0.9674     1580
  20.0000   86.0000  259.7788    0.4346    1.9674    1.9188    0.9626     1522
  22.0000   86.0000  258.4783    0.6535    2.5350    2.4493    0.9435     1601
  24.0000   86.0000  258.0099    0.7246    2.6935    2.5942    0.9455     1614
  26.0000   86.0000  257.2303    0.9821    3.3114    3.1624    0.9334     1410
  28.0000   86.0000  255.1819    0.8137    3.6131    3.5203    0.9300     1144
  30.0000   86.0000  253.7542    1.0788    4.0622    3.9164    0.9274     1051
  32.0000   86.0000  252.9600    0.8930    3.8377    3.7324    0.9407      790
  34.0000   86.0000  249.6044    0.9486    3.8811    3.7634    0.9409      734
  36.0000   86.0000  247.4041    0.7036    3.4031    3.3296    0.9559      943
  38.0000   86.0000  244.8736    1.2179    3.7265    3.5219    0.9541      784
   0.0000   88.0000  254.9897    0.4906    3.2501    3.2128    0.9437     8559
   2.0000   88.0000  254.2532    0.6705    3.3359    3.2678    0.9558     7837
   4.0000   88.0000  253.9511    0.6124    3.1239    3.0633    0.9626     9791
   6.0000   88.0000  252.5044    0.8446    3.2277    3.1153    0.9654     9254
   8.0000   88.0000  251.2479    0.3367    2.7678    2.7472    0.9788     7580
  10.0000   88.0000  260.1264   -0.0698    0.8978    0.8951    0.9909     2015
  12.0000   88.0000  260.1245   -0.0452    0.8524    0.8512    0.9912     1584
  14.0000   88.0000  260.1557    0.0736    1.0512    1.0486    0.9862     1587
  16.0000   88.0000  259.9826    0.2071    1.4178    1.4026    0.9775     1536
  18.0000   88.0000  259.9799    0.4639    1.6684    1.6026    0.9710     1212
  20.0000   88.0000  259.6788    0.4743    2.0495    1.9938    0.9599     1207
  22.0000   88.0000  259.4376    0.1701    2.5855    2.5799    0.9403     1438
  24.0000   88.0000  258.3159    0.6693    3.0013    2.9257    0.9310     1746
  26.0000   88.0000  256.8657    1.0789    3.6515    3.4885    0.9188     1453
  28.0000   88.0000  254.8346    1.1660    3.7945    3.6109    0.9311     1274
  30.0000   88.0000  253.4233    0.8010    3.7820    3.6962    0.9340     1087
  32.0000   88.0000  252.6674    0.9124    3.5490    3.4297    0.9512      957
  34.0000   88.0000  251.8006    1.1903    3.4018    3.1868    0.9593      975
  36.0000   88.0000  246.5648    0.2834    3.6282    3.6172    0.9517      876
  38.0000   88.0000  245.2466    0.4783    3.3910    3.3571    0.9601      566
   0.0000   90.0000  254.2714    0.6804    3.5006    3.4338    0.9377    14631
   2.0000   90.0000  253.3764    0.7824    3.4973    3.4087    0.9546    13492
   4.0000   90.0000  252.4552    0.8169    3.4125    3.3133    0.9581    15571
   6.0000   90.0000  250.6739    1.0932    3.5048    3.3299    0.9621    14879
   8.0000   90.0000  249.6732    0.4435    3.0048    2.9719    0.9757    12901
  10.0000   90.0000  260.2315   -0.0159    0.9283    0.9282    0.9899     1716
  12.0000   90.0000  260.2825    0.0228    0.8651    0.8648    0.9915     1628
  14.0000   90.0000  260.3266    0.0861    1.0052    1.0015    0.9890     1486
  16.0000   90.0000  260.2270    0.4273    1.3110    1.2394    0.9815     1387
  18.0000   90.0000  260.2550    0.4166    1.5275    1.4696    0.9756     1300
  20.0000   90.0000  259.5020    0.6256    2.0869    1.9909    0.9598     1348
  22.0000   90.0000  258.7431    0.6328    2.8029    2.7305    0.9321     1467
  24.0000   90.0000  257.8400    0.4676    2.8711    2.8328    0.9375     1455
  26.0000   90.0000  257.2508    0.4947    3.2218    3.1836    0.9346     1220
  28.0000   90.0000  256.1217    0.3561    3.6711    3.6538    0.9277     1102
  30.0000   90.0000  253.3925    1.0815    4.1180    3.9734    0.9258     1069
  32.0000   90.0000  250.7863    1.2537    4.0932    3.8965    0.9362     1167
  34.0000   90.0000  248.8989    1.2301    3.5315    3.3103    0.9591     1054
  36.0000   90.0000  246.6460    0.8046    3.6572    3.5675    0.9481      840
  38.0000   90.0000  246.4083    0.9171    3.6037    3.4850    0.9522      638
   0.0000   92.0000  255.3687    0.6959    3.4319    3.3606    0.9390     8763
   2.0000   92.0000  254.3632    0.6403    3.2081    3.1436    0.9596     7925
   4.0000   92.0000  253.3905    0.6828    3.1487    3.0738    0.9644     8921
   6.0000   92.0000  251.5592    1.0337    3.2068    3.0357    0.9676     8183
   8.0000   92.0000  250.7295    0.5159    2.9987    2.9540    0.9760     7080
  10.0000   92.0000  260.3075   -0.0510    0.8676    0.8661    0.9906     1691
  12.0000   92.0000  260.4114    0.1612    0.8977    0.8831    0.9903     1380
  14.0000   92.0000  260.4443    0.3084    0.9999    0.9512    0.9890     1500
  16.0000   92.0000  260.4169    0.4067    1.1682    1.0951    0.9859     1202
  18.0000   92.0000  260.2678    0.5492    1.5753    1.4764    0.9755     1301
  20.0000   92.0000  259.8686    0.6482    1.8930    1.7786    0.9671     1310
  22.0000   92.0000  259.1634    0.7461    2.4952    2.3810    0.9472     1219
  24.0000   92.0000  258.1926    0.8399    3.1773    3.0643    0.9253     1116
  26.0000   92.0000  257.8861    0.7192    2.8980    2.8073    0.9465      941
  28.0000   92.0000  255.1161    0.2798    3.1460    3.1336    0.9464     1005
  30.0000   92.0000  252.9240    0.5619    3.7667    3.7245    0.9342     1270
  32.0000   92.0000  251.2775    0.8433    3.6652    3.5669    0.9480     1108
  34.0000   92.0000  247.8549    0.8259    3.6887    3.5951    0.9475     1078
  36.0000   92.0000  246.9965    0.7914    3.3772    3.2831    0.9565      700
  38.0000   92.0000  246.8026    1.1372    3.5004    3.3105    0.9576      461
   0.0000   94.0000  254.8357    0.9306    3.6688    3.5488    0.9333    15354
   2.0000   94.0000  253.3663    0.8067    3.3858    3.2883    0.9581    13347
   4.0000   94.0000  252.2912    0.7622    3.2278    3.1365    0.9631    15307
   6.0000   94.0000  250.4162    1.0967    3.2234    3.0311    0.9678    14502
   8.0000   94.0000  249.2146    0.4662    2.9282    2.8908    0.9771    12443
  10.0000   94.0000  260.2628    0.0042    0.9303    0.9303    0.9897     1231
  12.0000   94.0000  260.4222    0.2701    0.8442    0.7999    0.9922     1211
  14.0000   94.0000  260.4730    0.4263    1.0784    0.9906    0.9884     1180
  16.0000   94.0000  260.6272    0.6135    1.1749    1.0020    0.9878     1294
  18.0000   94.0000  260.2330    0.5785    1.5452    1.4329    0.9762     1370
  20.0000   94.0000  259.9588    0.5571    2.0492    1.9721    0.9589     1426
  22.0000   94.0000  259.0263    0.4615    2.4495    2.4056    0.9458     1305
  24.0000   94.0000  258.5969    0.9817    3.0966    2.9369    0.9310      936
  26.0000   94.0000  257.6224    0.9693    3.3345    3.1905    0.9320      988
  28.0000   94.0000  254.7677    0.5453    3.3191    3.2740    0.9433     1203
  30.0000   94.0000  254.0497    1.0703    3.6959    3.5375    0.9411     1218
  32.0000   94.0000  250.1725    0.6535    4.1738    4.1223    0.9278     1043
  34.0000   94.0000  249.5879    0.5398    3.5508    3.5095    0.9477     1039
  36.0000   94.0000  247.4615    1.0505    3.3951    3.2285    0.9613      730
  38.0000   94.0000  245.3033    0.8922    3.5731    3.4599    0.9580      688
   0.0000   96.0000  254.9148    0.6677    3.1894    3.1187    0.9503     8203
   2.0000   96.0000  254.1541    0.7701    3.2668    3.1747    0.9614     7485
   4.0000   96.0000  253.1461    0.6962    2.9217    2.8375    0.9698     8626
   6.0000   96.0000  251.6727    0.9265    2.9454    2.7959    0.9736     8381
   8.0000   96.0000  250.2039    0.4469    2.8531    2.8179    0.9783     6832
  10.0000   96.0000  260.2992    0.0472    0.9342    0.9330    0.9892     1337
  12.0000   96.0000  260.5642    0.2096    0.8759    0.8505    0.9917     1514
  14.0000   96.0000  260.4041    0.3358    0.9585    0.8978    0.9906     1230
  16.0000   96.0000  260.6168    0.6723    1.2349    1.0358    0.9878     1372
  18.0000   96.0000  260.1844    0.5499    1.5773    1.4783    0.9761     1215
  20.0000   96.0000  259.7432    0.5043    1.7632    1.6895    0.9702     1033
  22.0000   96.0000  259.6085    0.7424    2.5217    2.4100    0.9461      976
  24.0000   96.0000  259.1476    0.8399    2.6672    2.5315    0.9455     1041
  26.0000   96.0000  257.1430    0.5183    3.0797    3.0358    0.9369     1063
  28.0000   96.0000  254.2717    0.7316    4.5395    4.4802    0.9015     1129
  30.0000   96.0000  253.1740    0.8274    3.8582    3.7685    0.9376     1201
  32.0000   96.0000  251.4960    0.5540    3.6159    3.5732    0.9502      987
  34.0000   96.0000  251.3529    1.2387    3.5756    3.3542    0.9526     1005
  36.0000   96.0000  246.8750    0.7786    3.5013    3.4136    0.9515      919
  38.0000   96.0000  243.2936    0.7282    3.5213    3.4452    0.9524      748
   0.0000   98.0000  254.2761    0.7498    3.2705    3.1834    0.9501    14409
   2.0000   98.0000  253.0161    0.8390    3.2528    3.1427    0.9649    12672
   4.0000   98.0000  251.8183    0.7612    3.1117    3.0171    0.9679    14553
   6.0000   98.0000  250.1454    1.1351    3.2640    3.0602    0.9687    14156
   8.0000   98.0000  249.2557    0.4784    2.8905    2.8507    0.9787    12562
  10.0000   98.0000  260.2175   -0.0524    0.8756    0.8740    0.9915     1813
  12.0000   98.0000  260.4360    0.1610    0.8428    0.8273    0.9913     1810
  14.0000   98.0000  260.5339    0.3176    0.8628    0.8023    0.9921     1771
  16.0000   98.0000  260.5318    0.4035    1.0559    0.9758    0.9902     1597
  18.0000   98.0000  260.5029    0.5206    1.4774    1.3826    0.9784     1271
  20.0000   98.0000  259.7567    0.5453    1.9589    1.8815    0.9629     1126
  22.0000   98.0000  259.0515    0.5971    2.3507    2.2736    0.9508      941
  24.0000   98.0000  258.8298    0.7620    2.6162    2.5028    0.9478      927
  26.0000   98.0000  257.3056    0.8966    3.1949    3.0665    0.9349     1132
  28.0000   98.0000  255.8255    0.7273    3.4609    3.3836    0.9336     1156
  30.0000   98.0000  255.0833    1.3365    3.9775    3.7462    0.9389      970
  32.0000   98.0000  251.6568    0.9925    3.7457    3.6118    0.9476      970
  34.0000   98.0000  248.6130    0.3870    2.9670    2.9417    0.9671      853
  36.0000   98.0000  247.5727    1.0161    3.5764    3.4291    0.9574      881
  38.0000   98.0000  243.6787    0.9104    3.5264    3.4069    0.9545      855
   0.0000  100.0000  254.8259    0.6403    3.0763    3.0090    0.9569     7972
   2.0000  100.0000  253.7445    0.7274    3.1264    3.0406    0.9684     7034
   4.0000  100.0000  252.6819    0.6192    2.8834    2.8162    0.9722     8161
   6.0000  100.0000  251.3889    0.9924    3.0490    2.8830    0.9728     8047
   8.0000  100.0000  250.6240    0.3628    2.6314    2.6063    0.9819     7244
  10.0000  100.0000  260.4680    0.0720    0.9875    0.9848    0.9886     2008
  12.0000  100.0000  260.5429    0.1756    0.8570    0.8388    0.9918     1833
  14.0000  100.0000  260.6898    0.3782    0.9212    0.8400    0.9916     1818
  16.0000  100.0000  260.5981    0.4924    1.1979    1.0920    0.9866     1482
  18.0000  100.0000  260.5760    0.6773    1.4612    1.2948    0.9807     1341
  20.0000  100.0000  260.2142    0.5238    1.7099    1.6278    0.9714     1133
  22.0000  100.0000  259.9561    0.8585    2.3512    2.1889    0.9521      945
  24.0000  100.0000  258.8368    0.9277    2.6652    2.4986    0.9477      939
  26.0000  100.0000  257.2132    0.9599    3.4549    3.3189    0.9211      988
  28.0000  100.0000  255.9199    0.9740    3.7990    3.6720    0.9276      794
  30.0000  100.0000  254.4507    1.3441    3.8046    3.5592    0.9435      855
  32.0000  100.0000  252.1538    1.3383    3.7979    3.5543    0.9505     1049
  34.0000  100.0000  249.5271    1.3132    3.7905    3.5558    0.9537      922
  36.0000  100.0000  246.1570    0.8331    3.3380    3.2324    0.9622      916
  38.0000  100.0000  245.1590    0.7001    3.6273    3.5591    0.9490      921
