   0.0000   44.0000  563.1355   -0.6700    1.4036    1.2333    1.0000    17547
   2.0000   44.0000  548.9418   -0.6590    1.3827    1.2155    1.0000    20636
   4.0000   44.0000  572.1887   -0.9516    2.1410    1.9179    0.9999    23691
   6.0000   44.0000  553.5176   -0.6566    1.4734    1.3190    1.0000    21045
   8.0000   44.0000  527.7941   -0.6245    1.4336    1.2904    1.0000    14978
  10.0000   44.0000  552.8292   -0.4619    1.4349    1.3585    1.0000    14308
  12.0000   44.0000  541.4492   -0.3669    1.7164    1.6767    1.0000    14763
  14.0000   44.0000  509.5532   -0.1604    1.8029    1.7957    0.9999    11208
  16.0000   44.0000  533.8032   -0.1160    1.8391    1.8354    1.0000    12842
  18.0000   44.0000  546.7725    0.1090    2.0444    2.0415    0.9999    11440
  20.0000   44.0000  553.2352    0.3305    1.9649    1.9369    0.9999     9680
  22.0000   44.0000  542.2202    0.3010    2.5549    2.5371    0.9999     9749
  24.0000   44.0000  546.3446    0.5199    2.6567    2.6054    0.9999    12293
  26.0000   44.0000  559.0222    0.7381    2.8778    2.7815    0.9999    11552
  28.0000   44.0000  566.2077    0.8523    3.4027    3.2942    0.9999     9980
  30.0000   44.0000  558.7570    0.5142    3.2800    3.2394    0.9999     8782
  32.0000   44.0000  568.2761    0.0586    3.5407    3.5402    0.9999     5947
  34.0000   44.0000  518.0507    0.4137    3.8092    3.7867    0.9997     4720
  36.0000   44.0000  478.7017   -0.0709    4.0490    4.0483    0.9996     4517
  38.0000   44.0000  473.6338    0.1696    5.0651    5.0622    0.9993     3441
   0.0000   46.0000  562.0946   -0.5339    1.3582    1.2489    1.0000    29372
   2.0000   46.0000  560.7298   -0.4478    1.4085    1.3355    1.0000    31629
   4.0000   46.0000  555.6021   -0.8382    1.7960    1.5884    1.0000    44271
   6.0000   46.0000  562.7928   -0.3677    1.4476    1.4001    1.0000    37444
   8.0000   46.0000  552.6064   -0.1899    1.3918    1.3788    1.0000    25612
  10.0000   46.0000  536.3896   -0.4292    1.4416    1.3763    1.0000    25640
  12.0000   46.0000  556.0042   -0.1684    1.5562    1.5471    1.0000    25153
  14.0000   46.0000  527.7905   -0.1534    1.6634    1.6563    0.9999    24623
  16.0000   46.0000  537.6469   -0.0072    1.7775    1.7775    1.0000    26725
  18.0000   46.0000  553.9366    0.1181    2.0379    2.0345    0.9999    18773
  20.0000   46.0000  562.9407    0.2247    2.1510    2.1392    0.9999    18116
  22.0000   46.0000  556.6865    0.2224    2.5351    2.5253    0.9999    22645
  24.0000   46.0000  558.4493    0.3751    2.4839    2.4554    0.9999    22465
  26.0000   46.0000  564.7459    0.5916    2.5751    2.5062    0.9999    20912
  28.0000   46.0000  568.5898    0.7008    2.9514    2.8670    0.9999    20817
  30.0000   46.0000  574.2200    0.4969    3.1815    3.1424    0.9999    14885
  32.0000   46.0000  528.8279    0.5058    3.1466    3.1057    0.9999    12204
  34.0000   46.0000  490.6993    1.2068    3.6914    3.4885    0.9997     9103
  36.0000   46.0000  481.7839    0.5183    4.1641    4.1317    0.9995     8340
  38.0000   46.0000  477.6451    1.4041    4.6213    4.4028    0.9995     6065
   0.0000   48.0000  561.4286   -0.4522    1.3211    1.2413    1.0000    30758
   2.0000   48.0000  563.4316   -0.4490    1.2893    1.2086    1.0000    33883
   4.0000   48.0000  559.8303   -0.3785    1.4722    1.4227    1.0000    37615
   6.0000   48.0000  546.7990   -0.2791    1.4210    1.3934    1.0000    32466
   8.0000   48.0000  541.0252   -0.3321    1.3709    1.3300    1.0000    35008
  10.0000   48.0000  535.5983   -0.3750    1.4581    1.4090    1.0000    27012
  12.0000   48.0000  557.2159   -0.2789    1.4402    1.4130    1.0000    25479
  14.0000   48.0000  526.7026   -0.3175    1.7408    1.7116    0.9999    23700
  16.0000   48.0000  556.2232   -0.3397    1.8694    1.8383    0.9999    23808
  18.0000   48.0000  564.3159    0.3569    1.9071    1.8734    0.9999    21741
  20.0000   48.0000  565.3929    0.4066    2.1233    2.0840    0.9999    22049
  22.0000   48.0000  573.7054    0.4980    2.4358    2.3844    0.9999    18106
  24.0000   48.0000  569.4414    0.2179    2.6399    2.6309    0.9999    18037
  26.0000   48.0000  556.1663    0.4635    2.6279    2.5867    0.9999    17753
  28.0000   48.0000  574.6496    0.6330    2.8866    2.8164    0.9999    16810
  30.0000   48.0000  549.3782    1.1078    3.0576    2.8499    0.9999    14036
  32.0000   48.0000  480.0678    1.5095    3.5625    3.2269    0.9998    11797
  34.0000   48.0000  479.1706    1.0768    3.6531    3.4909    0.9997    11624
  36.0000   48.0000  474.1851    1.1284    4.0444    3.8838    0.9996     7644
  38.0000   48.0000  528.7847    1.1657    4.3710    4.2127    0.9997     7649
   0.0000   50.0000  558.7808   -0.4201    1.2663    1.1946    1.0000    39811
   2.0000   50.0000  563.4188   -0.4279    1.2537    1.1784    1.0000    37781
   4.0000   50.0000  552.2533   -0.3814    1.2891    1.2314    1.0000    35007
   6.0000   50.0000  555.1567   -0.3371    1.3342    1.2909    1.0000    25752
   8.0000   50.0000  544.6205   -0.3709    1.3225    1.2694    1.0000    24126
  10.0000   50.0000  529.6434   -0.3362    1.3439    1.3012    1.0000    24686
  12.0000   50.0000  559.8770   -0.2976    1.4956    1.4657    1.0000    26021
  14.0000   50.0000  545.0252   -0.1754    1.6877    1.6785    1.0000    22988
  16.0000   50.0000  532.4110   -0.0799    1.7579    1.7561    0.9999    20124
  18.0000   50.0000  564.0380    0.2787    1.9788    1.9590    0.9999    20288
  20.0000   50.0000  566.5963    0.3705    2.1612    2.1292    0.9999    20511
  22.0000   50.0000  561.8738    0.2062    2.1994    2.1897    0.9999    19615
  24.0000   50.0000  564.8858    0.4079    2.4026    2.3677    0.9999    14966
  26.0000   50.0000  562.4684    0.5798    2.6188    2.5538    0.9999    16431
  28.0000   50.0000  535.0021    1.0145    3.0809    2.9091    0.9999    14111
  30.0000   50.0000  477.1913    1.3583    3.1473    2.8391    0.9998    13240
  32.0000   50.0000  469.5354    1.4471    3.5990    3.2953    0.9997    13501
  34.0000   50.0000  492.6616    1.1640    3.5225    3.3246    0.9998    12936
  36.0000   50.0000  485.9883    1.2500    3.9286    3.7244    0.9997     9553
  38.0000   50.0000  548.0466    1.2690    4.1226    3.9224    0.9998     7209
   0.0000   52.0000  563.1840   -0.3080    1.1978    1.1575    1.0000    37272
   2.0000   52.0000  560.1183   -0.3749    1.2208    1.1618    1.0000    35514
   4.0000   52.0000  553.8318   -0.4568    1.2505    1.1641    1.0000    31399
   6.0000   52.0000  551.4454   -0.3481    1.2780    1.2297    1.0000    26072
   8.0000   52.0000  557.0598   -0.3494    1.3605    1.3149    1.0000    22135
  10.0000   52.0000  549.4932   -0.2769    1.3760    1.3478    1.0000    21562
  12.0000   52.0000  550.0485   -0.3276    1.5110    1.4751    1.0000    21990
  14.0000   52.0000  549.3272   -0.2564    1.5417    1.5202    1.0000    19705
  16.0000   52.0000  546.7644   -0.1045    1.7094    1.7062    1.0000    18934
  18.0000   52.0000  570.3425    0.2277    1.8565    1.8425    1.0000    18356
  20.0000   52.0000  564.8978    0.3359    2.0004    1.9720    1.0000    20756
  22.0000   52.0000  566.6126    0.2480    2.3476    2.3345    0.9999    18712
  24.0000   52.0000  556.6013    0.4854    2.4144    2.3651    1.0000    13521
  26.0000   52.0000  549.1672    0.2561    2.5231    2.5101    0.9999     9636
  28.0000   52.0000  495.1385    1.3127    2.9916    2.6883    0.9998    13319
  30.0000   52.0000  478.9409    1.4066    3.0982    2.7605    0.9998    12666
  32.0000   52.0000  501.0469    1.5338    3.6248    3.2843    0.9998    12445
  34.0000   52.0000  498.2397    1.5476    3.7759    3.4442    0.9997    13808
  36.0000   52.0000  497.0268    2.0246    4.6312    4.1652    0.9996    10342
  38.0000   52.0000  545.0084    1.9377    3.9886    3.4863    0.9998     8059
   0.0000   54.0000  569.7571   -0.4415    1.2620    1.1822    1.0000    30689
   2.0000   54.0000  569.3502   -0.3133    1.2246    1.1838    1.0000    31228
   4.0000   54.0000  550.9863   -0.4200    1.2990    1.2292    1.0000    33633
   6.0000   54.0000  555.4864   -0.2471    1.3238    1.3005    1.0000    25189
   8.0000   54.0000  552.8950   -0.3195    1.3877    1.3504    1.0000    25220
  10.0000   54.0000  543.1819   -0.1963    1.3470    1.3326    1.0000    23247
  12.0000   54.0000  545.4113   -0.3296    1.3926    1.3530    1.0000    21045
  14.0000   54.0000  563.0931   -0.2863    1.4927    1.4650    1.0000    18234
  16.0000   54.0000  541.2902   -0.0089    1.8051    1.8050    1.0000    17933
  18.0000   54.0000  562.7151   -0.1743    1.8051    1.7967    1.0000    16258
  20.0000   54.0000  575.7252    0.3779    2.0335    1.9981    0.9999    16124
  22.0000   54.0000  555.6701    0.4080    2.1106    2.0708    0.9999    15671
  24.0000   54.0000  553.1139    0.3465    2.5481    2.5244    0.9999    15012
  26.0000   54.0000  531.5927    0.5837    2.6572    2.5923    0.9999    12942
  28.0000   54.0000  493.4980    1.0440    2.5626    2.3403    0.9998    11498
  30.0000   54.0000  483.5364    1.0288    3.1130    2.9381    0.9998    12645
  32.0000   54.0000  508.2056    1.5007    3.6404    3.3167    0.9998    13332
  34.0000   54.0000  523.1748    1.4408    3.6226    3.3238    0.9998    12536
  36.0000   54.0000  490.6969    1.7491    4.0528    3.6559    0.9997     9984
  38.0000   54.0000  530.5479    2.0179    4.2022    3.6860    0.9998    11986
   0.0000   56.0000  573.4167   -0.3338    2.4524    2.4296    1.0000   130545
   2.0000   56.0000  565.9996   -0.2162    2.5235    2.5142    0.9999   116667
   4.0000   56.0000  567.1948   -0.1386    2.7337    2.7302    0.9999   132091
   6.0000   56.0000  561.2679    0.1892    3.0924    3.0867    0.9999   122972
   8.0000   56.0000  567.2153   -0.0246    3.5027    3.5026    0.9999   113742
  10.0000   56.0000  553.3724   -0.3070    1.3695    1.3346    1.0000    27601
  12.0000   56.0000  546.4875   -0.2568    1.3927    1.3688    1.0000    28623
  14.0000   56.0000  544.7242   -0.3946    1.5517    1.5007    1.0000    24776
  16.0000   56.0000  551.2313   -0.2204    1.5967    1.5814    1.0000    21702
  18.0000   56.0000  558.5087   -0.0190    1.8211    1.8210    1.0000    16517
  20.0000   56.0000  562.4318   -0.0580    2.1402    2.1395    0.9999    16589
  22.0000   56.0000  546.7297    0.2947    2.3690    2.3506    0.9999    12494
  24.0000   56.0000  551.9048    0.3198    2.4245    2.4034    0.9999    14748
  26.0000   56.0000  525.0414    1.0042    2.5439    2.3374    0.9999    14242
  28.0000   56.0000  467.9025    0.7463    2.6229    2.5145    0.9998     9418
  30.0000   56.0000  488.8273    1.3491    3.3287    3.0430    0.9998    10596
  32.0000   56.0000  512.3063    1.2640    3.3897    3.1452    0.9998    13574
  34.0000   56.0000  517.5716    1.7729    3.5229    3.0442    0.9998    10348
  36.0000   56.0000  497.1162    1.8432    3.9543    3.4985    0.9997    12326
  38.0000   56.0000  530.8849    1.6678    3.6791    3.2794    0.9998    13437
   0.0000   58.0000  575.0110   -0.3766    2.4126    2.3830    1.0000   131321
   2.0000   58.0000  567.3118   -0.2106    2.5348    2.5260    0.9999   114026
   4.0000   58.0000  568.0236   -0.1196    2.7449    2.7423    0.9999   134253
   6.0000   58.0000  563.1624    0.1501    3.0807    3.0770    0.9999   129227
   8.0000   58.0000  570.1100   -0.0939    3.3675    3.3662    0.9999   124164
  10.0000   58.0000  548.7615   -0.2563    1.3604    1.3361    1.0000    31321
  12.0000   58.0000  561.6564   -0.2206    1.4161    1.3988    0.9999    28845
  14.0000   58.0000  544.1649   -0.3755    1.4932    1.4453    1.0000    26969
  16.0000   58.0000  552.4988   -0.2151    1.5523    1.5373    1.0000    23147
  18.0000   58.0000  546.4839   -0.0835    1.8679    1.8661    1.0000    20163
  20.0000   58.0000  557.3990   -0.0626    1.9833    1.9824    0.9999    16650
  22.0000   58.0000  527.4405   -0.1401    2.2498    2.2454    0.9999    15716
  24.0000   58.0000  558.2885    0.2225    2.4041    2.3938    0.9999    14740
  26.0000   58.0000  537.5823    0.6717    2.6342    2.5472    0.9999    15444
  28.0000   58.0000  497.6523    0.5567    2.7222    2.6647    0.9998    11302
  30.0000   58.0000  522.8807    1.1061    2.9593    2.7448    0.9999    11458
  32.0000   58.0000  500.5943    0.8824    3.0673    2.9376    0.9998    12777
  34.0000   58.0000  495.8735    1.5810    3.3511    2.9546    0.9998    10601
  36.0000   58.0000  488.3373    1.3642    3.5971    3.3284    0.9997    11529
  38.0000   58.0000  540.0264    1.8438    4.4803    4.0833    0.9998    14435
   0.0000   60.0000  572.0865   -0.3446    2.3855    2.3604    0.9999   140095
   2.0000   60.0000  569.6047   -0.2556    2.4754    2.4621    1.0000   128897
   4.0000   60.0000  566.9884   -0.1572    2.6440    2.6393    0.9999   141204
   6.0000   60.0000  565.1668    0.0506    2.9881    2.9877    0.9998   144769
   8.0000   60.0000  567.9606   -0.1146    3.3761    3.3741    0.9998   122906
  10.0000   60.0000  552.0453   -0.2559    1.4274    1.4043    1.0000    30439
  12.0000   60.0000  550.0439   -0.3703    1.5413    1.4962    1.0000    25838
  14.0000   60.0000  561.5089   -0.2528    1.6730    1.6538    1.0000    23841
  16.0000   60.0000  549.9145   -0.3046    1.5932    1.5638    1.0000    26110
  18.0000   60.0000  552.8737   -0.2243    1.9054    1.8921    1.0000    23658
  20.0000   60.0000  548.5322    0.0106    2.1012    2.1011    0.9999    21444
  22.0000   60.0000  554.1609   -0.0609    2.3237    2.3229    0.9999    18937
  24.0000   60.0000  542.6873    0.3344    2.8131    2.7931    0.9999    16479
  26.0000   60.0000  511.5092    0.5470    2.3514    2.2869    0.9999    12919
  28.0000   60.0000  503.9113    0.8464    2.6556    2.5171    0.9999    10818
  30.0000   60.0000  528.0502    0.5118    3.0700    3.0270    0.9998    12017
  32.0000   60.0000  511.8469    0.8035    3.0580    2.9506    0.9998    11791
  34.0000   60.0000  508.0634    1.0195    3.2984    3.1369    0.9998     9442
  36.0000   60.0000  539.5241    1.0902    3.2303    3.0407    0.9999    15378
  38.0000   60.0000  572.6527    1.4430    4.0114    3.7428    0.9998    13543
   0.0000   62.0000  575.5621   -0.3621    2.5332    2.5072    0.9999   257488
   2.0000   62.0000  567.8306   -0.3057    2.5934    2.5753    0.9999   220843
   4.0000   62.0000  570.9978   -0.1338    2.7934    2.7901    0.9999   254260
   6.0000   62.0000  567.3819    0.1158    3.1596    3.1575    0.9998   251057
   8.0000   62.0000  571.1387   -0.1275    3.5092    3.5068    0.9999   218649
  10.0000   62.0000  557.3504   -0.3211    1.4532    1.4173    1.0000    32250
  12.0000   62.0000  554.4974   -0.3204    1.4432    1.4072    1.0000    25547
  14.0000   62.0000  546.0779   -0.2960    1.5028    1.4734    1.0000    23730
  16.0000   62.0000  553.9937   -0.2010    1.5513    1.5382    1.0000    22930
  18.0000   62.0000  553.2338   -0.1859    1.9163    1.9072    1.0000    24532
  20.0000   62.0000  552.4415   -0.0052    2.1179    2.1179    0.9999    23319
  22.0000   62.0000  554.3596   -0.0999    2.2291    2.2269    0.9999    22853
  24.0000   62.0000  549.9019    0.1328    2.3232    2.3194    0.9999    18519
  26.0000   62.0000  526.6809    0.6813    2.5264    2.4327    0.9999    13525
  28.0000   62.0000  533.9326    0.7190    2.8891    2.7982    0.9999    11609
  30.0000   62.0000  540.0817    0.8464    3.0644    2.9452    0.9999    15958
  32.0000   62.0000  492.2794    0.5087    2.7925    2.7458    0.9998    10938
  34.0000   62.0000  492.9192    0.6981    3.0418    2.9606    0.9998     9618
  36.0000   62.0000  547.6830    1.0827    3.1279    2.9345    0.9999    15649
  38.0000   62.0000  564.5013    0.7539    3.7639    3.6876    0.9998    12599
   0.0000   64.0000  572.8085   -0.4041    2.4605    2.4271    1.0000   145573
   2.0000   64.0000  565.9544   -0.3689    2.4269    2.3987    0.9999   134686
   4.0000   64.0000  563.1051   -0.1858    2.5981    2.5914    0.9999   145065
   6.0000   64.0000  566.5779    0.0687    3.0012    3.0004    0.9999   140946
   8.0000   64.0000  567.4680   -0.1589    3.2583    3.2545    0.9999   123648
  10.0000   64.0000  560.9985   -0.4513    1.4705    1.3995    1.0000    28423
  12.0000   64.0000  552.9557   -0.3792    1.4858    1.4366    1.0000    28271
  14.0000   64.0000  559.9793   -0.3431    1.5579    1.5197    1.0000    25122
  16.0000   64.0000  560.0131   -0.3281    1.7483    1.7172    1.0000    19287
  18.0000   64.0000  549.8940   -0.2550    1.8784    1.8610    1.0000    23319
  20.0000   64.0000  542.9516   -0.2619    1.8946    1.8764    1.0000    21865
  22.0000   64.0000  545.0126   -0.2357    2.2450    2.2326    0.9999    20853
  24.0000   64.0000  552.9062   -0.0421    2.3466    2.3462    0.9999    17975
  26.0000   64.0000  517.1174    0.6042    2.7949    2.7288    0.9999    17379
  28.0000   64.0000  508.7559    1.1372    3.1521    2.9398    0.9998    14489
  30.0000   64.0000  531.0133    1.2860    3.2423    2.9763    0.9999    13761
  32.0000   64.0000  471.0372    1.2471    3.2965    3.0515    0.9997     8072
  34.0000   64.0000  459.5363    1.0048    3.4261    3.2754    0.9997     9046
  36.0000   64.0000  531.3405    1.2039    3.5428    3.3319    0.9998    13954
  38.0000   64.0000  544.2378    0.4373    3.5026    3.4752    0.9998    11595
   0.0000   66.0000  571.2239   -0.4580    2.6897    2.6505    0.9999   237297
   2.0000   66.0000  562.0091   -0.3275    2.7888    2.7695    0.9999   206571
   4.0000   66.0000  559.9807   -0.2197    2.7831    2.7745    0.9999   242133
   6.0000   66.0000  568.3911    0.0855    3.1381    3.1370    0.9999   238147
   8.0000   66.0000  562.1765   -0.0790    3.4359    3.4349    0.9998   201119
  10.0000   66.0000  558.3707   -0.3123    1.4279    1.3933    1.0000    28520
  12.0000   66.0000  560.2220   -0.3920    1.7437    1.6991    1.0000    27233
  14.0000   66.0000  559.8024   -0.3755    1.6955    1.6534    1.0000    26372
  16.0000   66.0000  550.7960   -0.3285    1.7257    1.6941    1.0000    22666
  18.0000   66.0000  557.1599   -0.2809    1.7511    1.7285    1.0000    21916
  20.0000   66.0000  553.4049   -0.0546    1.9111    1.9103    1.0000    19431
  22.0000   66.0000  566.5580   -0.1498    2.2566    2.2516    0.9999    20475
  24.0000   66.0000  548.7081   -0.0096    2.4470    2.4470    0.9999    22407
  26.0000   66.0000  517.8813    0.6287    2.7748    2.7027    0.9999    18599
  28.0000   66.0000  495.4811    0.8125    2.8784    2.7614    0.9998    14841
  30.0000   66.0000  487.8542    1.1446    3.1963    2.9843    0.9998    10282
  32.0000   66.0000  458.9314    1.2177    3.3036    3.0709    0.9997     9182
  34.0000   66.0000  432.6775    0.8820    3.3049    3.1850    0.9995     8346
  36.0000   66.0000  493.6806    1.0797    3.4407    3.2669    0.9998    12165
  38.0000   66.0000  472.0713    0.9779    3.5222    3.3837    0.9997     8487
   0.0000   68.0000  569.1825   -0.4818    2.6345    2.5901    0.9999   132834
   2.0000   68.0000  558.7700   -0.4076    2.6341    2.6024    0.9999   120387
   4.0000   68.0000  563.8938   -0.2635    2.5834    2.5699    0.9999   143731
   6.0000   68.0000  574.0617   -0.0036    2.9562    2.9562    0.9999   137929
   8.0000   68.0000  562.2974   -0.1997    3.1073    3.1009    0.9998   113617
  10.0000   68.0000  566.1161   -0.2898    1.4982    1.4700    1.0000    23399
  12.0000   68.0000  562.6119   -0.4575    1.6078    1.5413    1.0000    24530
  14.0000   68.0000  552.2982   -0.4262    1.5927    1.5346    1.0000    24387
  16.0000   68.0000  555.4205   -0.3532    1.6513    1.6131    1.0000    18963
  18.0000   68.0000  560.6038   -0.2708    1.8170    1.7967    1.0000    18995
  20.0000   68.0000  560.8731   -0.5067    1.9307    1.8630    1.0000    17182
  22.0000   68.0000  552.6721   -0.1879    2.1306    2.1223    1.0000    20302
  24.0000   68.0000  560.3801   -0.1645    2.3609    2.3552    0.9999    22335
  26.0000   68.0000  559.9148   -0.0459    2.5709    2.5705    0.9999    19716
  28.0000   68.0000  529.2621    0.6062    2.9174    2.8537    0.9999    17934
  30.0000   68.0000  483.6107    1.0903    2.9823    2.7758    0.9998    13397
  32.0000   68.0000  462.0383    0.8995    3.1913    3.0619    0.9997    10142
  34.0000   68.0000  428.8885    1.4643    3.8735    3.5860    0.9993     7768
  36.0000   68.0000  469.1343    1.3671    3.7000    3.4382    0.9997     8931
  38.0000   68.0000  440.8090    1.0517    3.6034    3.4465    0.9995     7437
   0.0000   70.0000  577.5963   -0.5348    2.7314    2.6785    1.0000   246312
   2.0000   70.0000  573.3265   -0.4895    2.7384    2.6942    1.0000   219988
   4.0000   70.0000  562.7812   -0.2842    2.8012    2.7867    0.9999   239397
   6.0000   70.0000  559.0956    0.0949    3.1619    3.1605    0.9999   227409
   8.0000   70.0000  558.1929   -0.1424    3.2843    3.2812    0.9999   195868
  10.0000   70.0000  558.2303   -0.2193    1.5380    1.5223    1.0000    24307
  12.0000   70.0000  564.2347   -0.4581    1.7325    1.6709    1.0000    21277
  14.0000   70.0000  563.8723   -0.3454    1.5548    1.5160    1.0000    21772
  16.0000   70.0000  568.3545   -0.2756    1.6932    1.6706    1.0000    19178
  18.0000   70.0000  560.1173   -0.2907    1.8750    1.8523    1.0000    21919
  20.0000   70.0000  558.8903   -0.4484    2.6001    2.5612    0.9999    21770
  22.0000   70.0000  566.0388   -0.4717    2.0601    2.0054    1.0000    16817
  24.0000   70.0000  558.3177    0.0078    2.2730    2.2730    0.9999    19423
  26.0000   70.0000  557.6801    0.3994    2.7262    2.6968    0.9999    21544
  28.0000   70.0000  551.1609    0.3351    2.6728    2.6517    0.9999    20228
  30.0000   70.0000  517.7062    0.8569    3.0474    2.9244    0.9999    17859
  32.0000   70.0000  506.0345    0.5158    3.0310    2.9868    0.9998    16511
  34.0000   70.0000  429.9305    0.7869    3.3773    3.2844    0.9995     8751
  36.0000   70.0000  402.9069    1.6549    3.8494    3.4755    0.9991     6027
  38.0000   70.0000  405.7849    1.1076    3.9456    3.7870    0.9991     6081
   0.0000   72.0000  578.9048   -0.5778    2.5788    2.5133    0.9999   147676
   2.0000   72.0000  577.3890   -0.4914    2.6229    2.5765    0.9999   128693
   4.0000   72.0000  559.4526   -0.2649    2.6630    2.6498    0.9999   136147
   6.0000   72.0000  554.5771    0.1400    3.2228    3.2198    0.9999   121011
   8.0000   72.0000  552.5215   -0.3067    2.9821    2.9663    0.9999   108657
  10.0000   72.0000  567.2463   -0.1967    1.5072    1.4943    1.0000    27129
  12.0000   72.0000  563.2187   -0.3970    1.7029    1.6560    1.0000    23321
  14.0000   72.0000  559.5031   -0.3168    1.6839    1.6539    1.0000    22145
  16.0000   72.0000  553.4575   -0.2919    1.7895    1.7656    1.0000    21301
  18.0000   72.0000  551.4496   -0.3268    1.8329    1.8035    1.0000    23283
  20.0000   72.0000  557.2108   -0.4713    2.0138    1.9579    0.9999    21345
  22.0000   72.0000  557.7835   -0.0281    2.2080    2.2078    0.9999    20901
  24.0000   72.0000  539.7989    0.2007    2.2900    2.2812    0.9999    16314
  26.0000   72.0000  570.8753    0.4040    2.6204    2.5891    0.9999    17591
  28.0000   72.0000  565.1089    0.2286    2.8020    2.7927    0.9999    19822
  30.0000   72.0000  557.7361    0.5139    2.9494    2.9043    0.9999    21035
  32.0000   72.0000  511.6752    0.6699    3.0702    2.9963    0.9998    17133
  34.0000   72.0000  427.4306    1.3290    3.4099    3.1403    0.9996    10367
  36.0000   72.0000  376.7798    1.0314    3.7303    3.5848    0.9985     6244
  38.0000   72.0000  379.3169    0.9806    3.4114    3.2674    0.9989     4175
   0.0000   74.0000  574.9301   -0.5065    2.7279    2.6804    0.9999   248779
   2.0000   74.0000  563.0919   -0.4308    2.7224    2.6881    1.0000   209942
   4.0000   74.0000  549.7049   -0.0428    2.9365    2.9362    0.9999   227227
   6.0000   74.0000  543.3362    0.2835    3.3619    3.3499    0.9999   215324
   8.0000   74.0000  548.9721   -0.2037    3.2340    3.2276    0.9999   191267
  10.0000   74.0000  562.1131   -0.4203    1.5482    1.4900    1.0000    23612
  12.0000   74.0000  547.8655   -0.4046    1.7238    1.6757    1.0000    21757
  14.0000   74.0000  551.2078   -0.3816    1.5908    1.5444    1.0000    21883
  16.0000   74.0000  547.6783   -0.3259    1.5474    1.5127    1.0000    21644
  18.0000   74.0000  540.5134   -0.3747    1.6380    1.5946    1.0000    26079
  20.0000   74.0000  554.8248   -0.2273    1.7916    1.7771    1.0000    22152
  22.0000   74.0000  549.1963   -0.1401    2.0797    2.0750    0.9999    19191
  24.0000   74.0000  554.2040    0.0751    2.2301    2.2288    0.9999    18597
  26.0000   74.0000  550.9825    0.1422    2.5302    2.5262    0.9999    15045
  28.0000   74.0000  564.7665    0.3612    2.8922    2.8696    0.9999    17693
  30.0000   74.0000  539.3044    0.4764    2.9236    2.8845    0.9999    20449
  32.0000   74.0000  471.9547    0.9192    3.2909    3.1599    0.9998    12587
  34.0000   74.0000  387.8197    0.7935    3.7011    3.6151    0.9989     8410
  36.0000   74.0000  370.2218    1.0198    3.4243    3.2689    0.9987     4545
  38.0000   74.0000  390.9284    0.7023    3.5670    3.4972    0.9990     4216
   0.0000   76.0000  569.5504   -0.3710    2.5894    2.5627    0.9999   132017
   2.0000   76.0000  547.1403   -0.2997    2.6715    2.6546    0.9999   106544
   4.0000   76.0000  551.2598   -0.1129    2.7768    2.7745    0.9999   126315
   6.0000   76.0000  555.5672    0.1022    2.9845    2.9828    0.9999   129392
   8.0000   76.0000  550.8087   -0.1554    3.1665    3.1627    0.9999   111902
  10.0000   76.0000  521.4200   -0.3841    1.6282    1.5823    1.0000    24803
  12.0000   76.0000  533.4697   -0.2655    1.4995    1.4758    1.0000    25678
  14.0000   76.0000  544.5558   -0.3077    1.5755    1.5452    1.0000    23382
  16.0000   76.0000  550.1262   -0.2856    1.5709    1.5447    1.0000    24547
  18.0000   76.0000  557.1487   -0.4267    1.7823    1.7304    1.0000    22669
  20.0000   76.0000  549.7253   -0.1754    1.8050    1.7965    1.0000    22291
  22.0000   76.0000  556.9108    0.0851    2.0657    2.0640    1.0000    21613
  24.0000   76.0000  552.4326    0.1563    2.2838    2.2784    0.9999    17968
  26.0000   76.0000  557.3672    0.0150    2.4851    2.4850    0.9999    15288
  28.0000   76.0000  550.5240    0.3845    2.7954    2.7688    0.9999    17719
  30.0000   76.0000  482.0663    0.6971    3.3821    3.3095    0.9998    11570
  32.0000   76.0000  384.0371    1.8464    4.7352    4.3604    0.9981     9375
  34.0000   76.0000  367.3752    0.6153    3.3758    3.3192    0.9985     6682
  36.0000   76.0000  390.0894    0.5278    3.6225    3.5838    0.9990     6415
  38.0000   76.0000  460.4227    0.5703    3.6465    3.6016    0.9996     8026
   0.0000   78.0000  560.5941   -0.4376    2.7009    2.6652    0.9999   224862
   2.0000   78.0000  543.6548   -0.1831    2.9160    2.9102    0.9999   181561
   4.0000   78.0000  550.7263   -0.1109    2.8470    2.8448    0.9999   211764
   6.0000   78.0000  557.7101    0.0856    3.0476    3.0464    0.9999   225976
   8.0000   78.0000  561.5056   -0.2172    3.1197    3.1121    0.9999   200997
  10.0000   78.0000  552.9328   -0.4982    1.4261    1.3362    1.0000    33511
  12.0000   78.0000  542.7471   -0.3970    1.4647    1.4098    1.0000    34649
  14.0000   78.0000  544.7714   -0.4175    1.6608    1.6074    1.0000    33700
  16.0000   78.0000  547.4971   -0.2689    1.6686    1.6468    1.0000    26852
  18.0000   78.0000  543.8680   -0.2526    1.7294    1.7109    0.9999    21070
  20.0000   78.0000  557.2404    0.0715    1.8773    1.8759    1.0000    17148
  22.0000   78.0000  546.8098   -0.1800    2.1048    2.0971    0.9999    16423
  24.0000   78.0000  563.4400    0.1663    2.3636    2.3577    0.9999    18690
  26.0000   78.0000  560.5932    0.0752    2.4454    2.4443    0.9999    20722
  28.0000   78.0000  523.0683    0.5583    2.8080    2.7519    0.9999    15221
  30.0000   78.0000  391.7503    1.1542    3.5091    3.3139    0.9992     6990
  32.0000   78.0000  374.9105    0.7720    3.2536    3.1606    0.9986     6925
  34.0000   78.0000  368.3109    0.9464    3.3788    3.2436    0.9985     6249
  36.0000   78.0000  435.5852    0.6491    3.3846    3.3217    0.9996     9186
  38.0000   78.0000  501.6335    0.0984    3.1585    3.1569    0.9998    10263
   0.0000   80.0000  555.4276   -0.4072    2.6741    2.6429    0.9999   122358
   2.0000   80.0000  552.5976   -0.4141    2.5400    2.5060    0.9999   113262
   4.0000   80.0000  557.1834   -0.2829    2.4968    2.4807    0.9999   131392
   6.0000   80.0000  556.1766    0.0913    2.8695    2.8680    0.9999   135589
   8.0000   80.0000  560.8191   -0.2909    2.8453    2.8303    0.9999   119568
  10.0000   80.0000  562.2767   -0.3759    1.4228    1.3723    1.0000    35066
  12.0000   80.0000  562.8125   -0.2809    1.4938    1.4672    1.0000    33766
  14.0000   80.0000  564.6882   -0.3995    1.5091    1.4553    1.0000    33552
  16.0000   80.0000  558.0620   -0.3711    1.5924    1.5486    1.0000    28201
  18.0000   80.0000  540.1076   -0.2276    1.7250    1.7099    1.0000    24796
  20.0000   80.0000  545.5781   -0.1523    1.9026    1.8965    0.9999    20026
  22.0000   80.0000  545.9728   -0.0157    2.1626    2.1625    0.9999    16844
  24.0000   80.0000  560.1469    0.0614    2.3196    2.3188    0.9999    18013
  26.0000   80.0000  551.0875    0.4618    2.6237    2.5827    0.9999    19008
  28.0000   80.0000  470.2605    0.5260    2.9719    2.9250    0.9998    11239
  30.0000   80.0000  374.3548    0.8411    3.1985    3.0859    0.9988     7005
  32.0000   80.0000  381.1143    0.3205    3.3791    3.3639    0.9987     7398
  34.0000   80.0000  369.2570    0.3199    3.3732    3.3580    0.9984     6764
  36.0000   80.0000  431.3469    0.3803    3.1724    3.1495    0.9997     8678
  38.0000   80.0000  536.5388    0.0902    3.1993    3.1981    0.9999    11287
   0.0000   82.0000  553.5506   -0.4760    2.6877    2.6452    0.9999   217227
   2.0000   82.0000  547.5271   -0.4691    2.5436    2.5000    0.9999   188427
   4.0000   82.0000  551.1832   -0.2769    2.6321    2.6175    0.9999   221068
   6.0000   82.0000  559.3920    0.0277    2.9274    2.9272    0.9999   240749
   8.0000   82.0000  551.1538   -0.2834    2.8750    2.8610    0.9999   210731
  10.0000   82.0000  572.5471   -0.3772    1.3920    1.3399    1.0000    32505
  12.0000   82.0000  570.1637   -0.4895    1.5095    1.4279    0.9999    29614
  14.0000   82.0000  571.7097   -0.5251    1.5877    1.4983    1.0000    25665
  16.0000   82.0000  560.4450   -0.4356    1.6245    1.5650    1.0000    25196
  18.0000   82.0000  540.4012   -0.3010    1.7602    1.7343    0.9999    26990
  20.0000   82.0000  551.3292   -0.0011    1.8261    1.8261    1.0000    28004
  22.0000   82.0000  543.1701   -0.0262    2.1052    2.1050    0.9999    22052
  24.0000   82.0000  550.2434   -0.2004    2.3697    2.3612    0.9999    16868
  26.0000   82.0000  535.2654    0.2467    2.6005    2.5887    0.9999    14648
  28.0000   82.0000  393.2926    0.8719    3.3120    3.1952    0.9993     7899
  30.0000   82.0000  379.0995    1.5614    4.1514    3.8466    0.9980     7029
  32.0000   82.0000  386.4394    0.2686    3.4401    3.4296    0.9988     6244
  34.0000   82.0000  382.8658    0.3154    3.5926    3.5787    0.9987     6348
  36.0000   82.0000  430.3464    0.5032    3.3824    3.3447    0.9996     8265
  38.0000   82.0000  527.9827    0.7225    3.0986    3.0132    0.9998    13616
   0.0000   84.0000  556.1362   -0.5333    2.3954    2.3353    0.9999   133550
   2.0000   84.0000  553.4335   -0.4761    2.3008    2.2510    0.9999   116532
   4.0000   84.0000  556.5431   -0.3234    2.4381    2.4165    0.9999   135828
   6.0000   84.0000  558.9485   -0.1615    2.6072    2.6022    0.9999   137526
   8.0000   84.0000  555.6237   -0.3422    2.6959    2.6740    0.9999   119510
  10.0000   84.0000  560.0555   -0.4580    1.3793    1.3011    1.0000    34747
  12.0000   84.0000  566.1108   -0.2941    1.3893    1.3578    1.0000    31076
  14.0000   84.0000  567.9058   -0.4421    1.6581    1.5981    1.0000    28353
  16.0000   84.0000  565.9092   -0.3068    1.6472    1.6184    1.0000    27908
  18.0000   84.0000  556.0170   -0.1533    1.6909    1.6840    1.0000    28420
  20.0000   84.0000  550.1173   -0.1815    1.9412    1.9326    0.9999    24796
  22.0000   84.0000  545.6319   -0.1159    2.3084    2.3055    0.9999    22176
  24.0000   84.0000  559.1938   -0.0726    2.3585    2.3574    0.9999    18576
  26.0000   84.0000  511.1778    0.0965    2.6510    2.6493    0.9999    17617
  28.0000   84.0000  374.7021    0.8828    3.4832    3.3695    0.9986     8102
  30.0000   84.0000  379.6668    0.5515    3.1791    3.1308    0.9988     6728
  32.0000   84.0000  386.1997    0.5274    3.1551    3.1107    0.9990     6765
  34.0000   84.0000  389.5360    0.2867    2.9859    2.9721    0.9991     5357
  36.0000   84.0000  402.0738    0.6685    3.1074    3.0346    0.9994     7713
  38.0000   84.0000  504.8694    0.4249    2.9735    2.9429    0.9999    12858
   0.0000   86.0000  557.7234   -0.5600    2.4753    2.4111    0.9999   221502
   2.0000   86.0000  554.4713   -0.5087    2.4126    2.3584    0.9999   198197
   4.0000   86.0000  555.1995   -0.3764    2.5216    2.4934    0.9999   231170
   6.0000   86.0000  543.9199   -0.1722    2.7463    2.7409    0.9999   225624
   8.0000   86.0000  555.3022   -0.3451    2.8323    2.8112    0.9999   200536
  10.0000   86.0000  567.8003   -0.3177    1.3719    1.3346    1.0000    33561
  12.0000   86.0000  564.2867   -0.3756    1.4756    1.4270    1.0000    28184
  14.0000   86.0000  567.8967   -0.3541    1.5823    1.5422    1.0000    24104
  16.0000   86.0000  573.7646   -0.4272    1.6855    1.6304    1.0000    23068
  18.0000   86.0000  563.0216   -0.4873    1.9394    1.8772    1.0000    25404
  20.0000   86.0000  559.1331   -0.4335    2.4827    2.4446    0.9999    23830
  22.0000   86.0000  559.8000   -0.1857    2.2412    2.2335    0.9999    24491
  24.0000   86.0000  552.7556   -0.1653    2.3636    2.3578    0.9999    25615
  26.0000   86.0000  492.9662    0.5248    2.8155    2.7662    0.9999    15479
  28.0000   86.0000  377.4388    0.4573    3.2676    3.2354    0.9987     7844
  30.0000   86.0000  382.7387    0.3012    3.2832    3.2694    0.9988     7434
  32.0000   86.0000  388.7442    0.4495    3.1761    3.1442    0.9990     5915
  34.0000   86.0000  391.9482    0.0499    3.0643    3.0639    0.9991     6056
  36.0000   86.0000  386.1880    0.5259    3.1122    3.0674    0.9991     6909
  38.0000   86.0000  465.3668    0.6123    3.4911    3.4369    0.9997     8632
   0.0000   88.0000  559.3495   -0.6312    2.3198    2.2323    0.9999   127052
   2.0000   88.0000  555.7045   -0.5144    2.3083    2.2502    0.9999   112794
   4.0000   88.0000  557.6591   -0.4335    2.3112    2.2702    0.9999   146560
   6.0000   88.0000  546.1440   -0.2992    2.5179    2.5001    0.9999   132675
   8.0000   88.0000  557.9169   -0.4188    2.5253    2.4904    0.9999   116498
  10.0000   88.0000  570.4362   -0.4128    1.4268    1.3658    1.0000    31566
  12.0000   88.0000  574.9072   -0.3441    1.4824    1.4419    1.0000    26073
  14.0000   88.0000  560.8491   -0.3569    1.6455    1.6064    1.0000    23609
  16.0000   88.0000  558.1689   -0.3708    1.7396    1.6996    0.9999    23479
  18.0000   88.0000  575.1431   -0.3557    1.8029    1.7675    1.0000    20097
  20.0000   88.0000  575.5814   -0.3078    2.1076    2.0850    1.0000    19604
  22.0000   88.0000  572.4797   -0.3267    2.3264    2.3034    1.0000    24338
  24.0000   88.0000  557.0482    0.0684    2.3528    2.3518    0.9999    26337
  26.0000   88.0000  475.6091    0.6040    2.7780    2.7115    0.9999    14598
  28.0000   88.0000  384.2845    0.3956    3.1270    3.1018    0.9989     8874
  30.0000   88.0000  388.5444    0.1960    3.2098    3.2038    0.9990     7920
  32.0000   88.0000  390.5068    0.2704    3.0038    2.9916    0.9991     7216
  34.0000   88.0000  388.9673    0.4897    2.8400    2.7974    0.9992     7433
  36.0000   88.0000  393.3693   -0.4418    3.0088    2.9762    0.9992     7175
  38.0000   88.0000  425.8134    0.3007    3.6407    3.6283    0.9994     5451
   0.0000   90.0000  559.5189   -0.5922    2.4882    2.4168    0.9999   215147
   2.0000   90.0000  552.7070   -0.5234    2.3924    2.3345    0.9999   193734
   4.0000   90.0000  554.8055   -0.4337    2.4702    2.4319    0.9999   228517
   6.0000   90.0000  542.2805   -0.2770    2.7318    2.7177    0.9999   212829
   8.0000   90.0000  546.6328   -0.4937    2.7140    2.6687    0.9999   186742
  10.0000   90.0000  578.9286   -0.3210    1.4193    1.3825    1.0000    29000
  12.0000   90.0000  575.5104   -0.3868    1.4403    1.3874    1.0000    27272
  14.0000   90.0000  573.7410   -0.3986    1.6124    1.5624    1.0000    24426
  16.0000   90.0000  568.1276   -0.3314    1.7999    1.7691    1.0000    22328
  18.0000   90.0000  564.9928   -0.2387    1.8573    1.8419    0.9999    20774
  20.0000   90.0000  558.4539   -0.1863    2.0645    2.0561    0.9999    20225
  22.0000   90.0000  559.5088   -0.2172    2.2077    2.1970    1.0000    23627
  24.0000   90.0000  544.0022   -0.0723    2.5748    2.5738    0.9999    21646
  26.0000   90.0000  475.9938    0.2135    2.6082    2.5994    0.9999    13357
  28.0000   90.0000  382.9687    0.0106    3.4626    3.4626    0.9986     7805
  30.0000   90.0000  389.5699    0.2436    3.3246    3.3157    0.9989     7898
  32.0000   90.0000  387.2997    0.3639    3.3482    3.3283    0.9989     8893
  34.0000   90.0000  388.7470    0.5676    2.8865    2.8301    0.9992     8111
  36.0000   90.0000  390.3589    0.2668    3.1768    3.1655    0.9992     6722
  38.0000   90.0000  434.8204    0.3397    2.9264    2.9066    0.9996     6585
   0.0000   92.0000  556.5069   -0.4472    2.5828    2.5438    0.9999   130435
   2.0000   92.0000  554.2656   -0.4893    2.2789    2.2258    1.0000   117371
   4.0000   92.0000  552.2648   -0.4269    2.3539    2.3148    0.9999   130717
   6.0000   92.0000  550.8829   -0.2685    2.5150    2.5006    0.9999   122929
   8.0000   92.0000  546.1948   -0.3587    2.6787    2.6546    0.9999   103802
  10.0000   92.0000  554.5426   -0.2955    1.3480    1.3152    1.0000    24360
  12.0000   92.0000  570.4774   -0.3341    1.4055    1.3652    1.0000    22732
  14.0000   92.0000  564.1998   -0.3600    1.4362    1.3903    1.0000    22232
  16.0000   92.0000  569.3879   -0.2956    1.6487    1.6220    1.0000    19158
  18.0000   92.0000  564.8434   -0.3486    1.8532    1.8201    0.9999    20940
  20.0000   92.0000  528.0137   -0.0230    1.8769    1.8768    1.0000    18476
  22.0000   92.0000  508.2072   -0.1483    2.3027    2.2980    0.9999    16117
  24.0000   92.0000  518.0754   -0.1942    2.7498    2.7429    0.9998    15528
  26.0000   92.0000  483.7185    0.4226    2.8141    2.7822    0.9998    11163
  28.0000   92.0000  392.0343   -0.3117    3.5807    3.5671    0.9988     7419
  30.0000   92.0000  385.5164   -0.0886    3.1329    3.1317    0.9989     9457
  32.0000   92.0000  393.7156    0.3578    3.1823    3.1621    0.9991     8538
  34.0000   92.0000  398.0092    0.4110    3.0071    2.9789    0.9993     8752
  36.0000   92.0000  420.1621    0.6062    2.9260    2.8625    0.9996     6233
  38.0000   92.0000  439.2878    0.8041    3.0641    2.9567    0.9996     5137
   0.0000   94.0000  555.5070   -0.3752    2.8087    2.7835    0.9999   225891
   2.0000   94.0000  550.9268   -0.4988    2.4695    2.4186    1.0000   192135
   4.0000   94.0000  544.8324   -0.4557    2.4621    2.4195    1.0000   219196
   6.0000   94.0000  551.4680   -0.2905    2.5099    2.4930    0.9999   219458
   8.0000   94.0000  540.7369   -0.4851    2.5983    2.5526    0.9999   181000
  10.0000   94.0000  576.3766   -0.3490    1.4277    1.3844    1.0000    19178
  12.0000   94.0000  577.3557   -0.3478    1.3715    1.3267    1.0000    20173
  14.0000   94.0000  568.5209   -0.2274    1.5228    1.5058    1.0000    18434
  16.0000   94.0000  567.7903   -0.0836    1.5614    1.5591    1.0000    20484
  18.0000   94.0000  531.2936   -0.1949    1.7100    1.6988    0.9999    18498
  20.0000   94.0000  530.8384   -0.1601    1.9025    1.8958    0.9999    19751
  22.0000   94.0000  517.8761   -0.2571    2.3809    2.3670    0.9999    17526
  24.0000   94.0000  511.6525    0.1724    2.4041    2.3979    0.9999    13167
  26.0000   94.0000  490.6844    0.2652    2.4853    2.4711    0.9999    12883
  28.0000   94.0000  413.7330   -0.0663    3.0274    3.0267    0.9994    10158
  30.0000   94.0000  386.3322    0.1289    2.8474    2.8445    0.9992     9131
  32.0000   94.0000  391.5187    0.0856    3.1892    3.1881    0.9991     8329
  34.0000   94.0000  398.0802    0.4382    3.0592    3.0276    0.9992     8255
  36.0000   94.0000  429.5859    0.6921    3.0878    3.0092    0.9996     7358
  38.0000   94.0000  408.8661    0.3990    3.3204    3.2963    0.9993     5870
   0.0000   96.0000  546.7800   -0.6387    2.3194    2.2297    0.9999   120564
   2.0000   96.0000  536.3996   -0.4186    2.6042    2.5703    0.9999   105009
   4.0000   96.0000  537.3521   -0.4414    2.3181    2.2757    1.0000   122358
   6.0000   96.0000  542.0136   -0.2270    2.3393    2.3283    0.9999   120976
   8.0000   96.0000  535.2133   -0.4566    2.5896    2.5490    0.9999    97303
  10.0000   96.0000  568.4965   -0.4508    1.5048    1.4357    1.0000    21100
  12.0000   96.0000  559.3141   -0.2993    1.3479    1.3142    1.0000    22964
  14.0000   96.0000  574.4412   -0.2302    1.3908    1.3716    1.0000    20131
  16.0000   96.0000  554.5757   -0.1197    1.5199    1.5152    1.0000    21463
  18.0000   96.0000  522.7056   -0.3269    1.7466    1.7158    0.9999    17526
  20.0000   96.0000  509.1039   -0.1381    1.6523    1.6465    0.9999    13879
  22.0000   96.0000  516.5555   -0.0226    2.2548    2.2547    0.9999    12946
  24.0000   96.0000  507.7895    0.3527    2.3078    2.2807    0.9999    14048
  26.0000   96.0000  462.0119   -0.1586    2.9044    2.9000    0.9997    11325
  28.0000   96.0000  395.2148   -0.7591    6.7197    6.6767    0.9961     8925
  30.0000   96.0000  394.6661   -0.0622    3.2940    3.2934    0.9990     8986
  32.0000   96.0000  402.2933   -0.4713    3.0468    3.0101    0.9993     8563
  34.0000   96.0000  401.7292    0.7829    2.8626    2.7534    0.9994     8171
  36.0000   96.0000  416.5616    0.5397    3.0131    2.9643    0.9995     8276
  38.0000   96.0000  399.7156    0.4338    3.3425    3.3142    0.9992     6274
   0.0000   98.0000  538.1703   -0.7114    2.3739    2.2648    0.9999   203219
   2.0000   98.0000  532.0516   -0.4455    2.3707    2.3284    0.9999   175488
   4.0000   98.0000  533.0474   -0.5213    2.3870    2.3294    0.9999   203228
   6.0000   98.0000  521.9848   -0.2456    2.5525    2.5406    0.9999   193641
   8.0000   98.0000  531.8807   -0.5117    2.6243    2.5739    0.9999   177570
  10.0000   98.0000  554.6407   -0.4531    1.2767    1.1936    1.0000    27940
  12.0000   98.0000  547.0980   -0.2929    1.3365    1.3040    1.0000    27794
  14.0000   98.0000  530.9998   -0.3465    1.2610    1.2124    1.0000    24800
  16.0000   98.0000  529.6680   -0.3530    1.3771    1.3311    1.0000    21773
  18.0000   98.0000  520.7863   -0.3430    1.7604    1.7267    1.0000    17819
  20.0000   98.0000  513.2863   -0.2994    1.9785    1.9557    0.9999    15646
  22.0000   98.0000  502.3443   -0.0800    2.0812    2.0797    0.9999    12523
  24.0000   98.0000  468.8616    0.1063    2.3470    2.3446    0.9998    10142
  26.0000   98.0000  436.4025    0.2834    2.6082    2.5928    0.9997    10815
  28.0000   98.0000  399.2264   -0.0059    3.2166    3.2165    0.9991     9008
  30.0000   98.0000  403.0855    1.5009    5.3741    5.1603    0.9978     8012
  32.0000   98.0000  406.6435    0.7691    3.7925    3.7137    0.9990     8322
  34.0000   98.0000  403.5552    0.3269    2.9661    2.9480    0.9994     7692
  36.0000   98.0000  416.2800    0.5880    3.4188    3.3679    0.9993     8316
  38.0000   98.0000  415.4276    0.6576    3.2798    3.2132    0.9995     7902
   0.0000  100.0000  545.4586   -0.7287    2.2608    2.1401    0.9999   117121
   2.0000  100.0000  543.3792   -0.4850    2.2915    2.2395    0.9999   103333
   4.0000  100.0000  527.5949   -0.6049    2.2327    2.1492    0.9999   116612
   6.0000  100.0000  527.5273   -0.3808    2.4323    2.4023    0.9999   112170
   8.0000  100.0000  546.8943   -0.5738    2.4078    2.3384    0.9999   108105
  10.0000  100.0000  574.6262   -0.4014    1.3911    1.3319    1.0000    31873
  12.0000  100.0000  570.4008   -0.3856    1.4059    1.3520    1.0000    30241
  14.0000  100.0000  552.2642   -0.2686    1.4579    1.4329    1.0000    27303
  16.0000  100.0000  536.5242   -0.1797    1.5433    1.5329    1.0000    21536
  18.0000  100.0000  525.4072   -0.1180    1.5508    1.5463    1.0000    18114
  20.0000  100.0000  516.1970    0.1636    1.9927    1.9860    0.9999    15389
  22.0000  100.0000  495.6181   -0.1679    1.9613    1.9541    0.9999    11689
  24.0000  100.0000  476.9769    0.2054    2.2377    2.2283    0.9999    11442
  26.0000  100.0000  446.8647    0.0202    2.7054    2.7053    0.9997    10562
  28.0000  100.0000  408.4615    0.3129    3.2498    3.2347    0.9992     6793
  30.0000  100.0000  405.6019    0.0679    2.6935    2.6926    0.9995     7148
  32.0000  100.0000  414.2295    0.2190    2.5385    2.5291    0.9996     9251
  34.0000  100.0000  417.7679    0.5849    2.7214    2.6578    0.9996     8337
  36.0000  100.0000  420.6066    0.3913    3.0056    2.9801    0.9995     8866
  38.0000  100.0000  453.3337    0.5980    3.0484    2.9892    0.9997     9686
